/home/zpgong/RL/MARL_Fin/main.py
#!/usr/bin/env python3
import argparse
import logging
import math
import os
import random
from copy import deepcopy
from pathlib import Path

import numpy as np
import torch
import torch.optim as optim

from env import StockEnv
from helpers import ReplayBuffer
from models import DQN

USE_CUDA = torch.cuda.is_available()
if USE_CUDA:
    print("Using GPU: GPU requested and available.")
    # dtype = torch.cuda.FloatTensor
    # dtypelong = torch.cuda.LongTensor
    device = torch.device("cuda")
else:
    print("NOT Using GPU: GPU not requested or not available.")
    # dtype = torch.FloatTensor
    # dtypelong = torch.LongTensor
    device = torch.device("cpu")


def get_logger(logpath,
               filepath,
               package_files=[],
               displaying=False,
               saving=True,
               debug=False):
    logger = logging.getLogger()
    if debug:
        level = logging.DEBUG
    else:
        level = logging.INFO
    logger.setLevel(level)
    if saving:
        info_file_handler = logging.FileHandler(logpath, mode="a")
        info_file_handler.setLevel(level)
        logger.addHandler(info_file_handler)
    if displaying:
        console_handler = logging.StreamHandler()
        console_handler.setLevel(level)
        logger.addHandler(console_handler)
    logger.info(filepath)
    with open(filepath, "r") as f:
        logger.info(f.read())

    for f in package_files:
        logger.info(f)
        with open(f, "r") as package_f:
            logger.info(package_f.read())

    return logger


class Agent:
    def __init__(self, q_network, target_q_network, lr):
        self.q_network = q_network
        self.target_q_network = target_q_network
        self.num_actions = 3
        self.optimizer = optim.Adam(self.q_network.parameters(), lr=lr)

    def act(self, state, epsilon):
        """DQN action - max q-value w/ epsilon greedy exploration."""
        state = torch.tensor(np.float32(state)).to(device)
        if random.random() > epsilon:
            q_value = self.q_network.forward(state)
            return q_value.max(1)[1].data
        return torch.randint(low=0, high=3,
                             size=(state.shape[0], 1)).squeeze(1)

    def save(self, agent_id, save_dir):
        save_f = Path(f'{save_dir}/model/agent_{agent_id}.pth')
        save_f.parent.mkdir(parents=True, exist_ok=True)
        torch.save(self.q_network.state_dict(), save_f)
        # print("Model has been saved...")

    def load(self, agent_id, save_dir):
        self.q_network = torch.load_state_dict(
            torch.load(f'{save_dir}/model/agent_{agent_id}.pth'))
        self.target_q_network = deepcopy(self.q_network)
        # print("Model has been loaded...")


def corrcoef(x, y):
    vx = x - torch.mean(x)
    vy = y - torch.mean(y)
    corr = torch.sum(vx * vy) / (torch.sqrt(torch.sum(vx**2)) *
                                 torch.sqrt(torch.sum(vy**2)))
    return corr


def compute_local_loss(agent, batch_size, replay_buffer, gamma):
    state, action, reward, next_state, done = replay_buffer.sample(batch_size)
    state = torch.tensor(np.float32(state)).to(device)
    next_state = torch.tensor(np.float32(next_state)).to(device)
    action = torch.tensor(action).to(device)
    reward = torch.tensor(reward).to(device)
    done = torch.tensor(np.float32(done)).to(device)
    # Normal DDQN update
    q_values = agent.q_network(state)
    q_value = q_values.gather(1, action.unsqueeze(1)).squeeze(1)
    # double q-learning
    online_next_q_values = agent.q_network(next_state)
    _, max_indices = torch.max(online_next_q_values, dim=1)
    target_q_values = agent.target_q_network(next_state)
    next_q_value = torch.gather(target_q_values, 1, max_indices.unsqueeze(1))
    expected_q_value = reward + gamma * next_q_value.squeeze(1) * (1 - done)
    loss = (q_value - expected_q_value.data).pow(2).mean()
    agent.optimizer.zero_grad()
    loss.backward()
    agent.optimizer.step()
    return loss


def compute_global_loss(agent_ls, batch_size, replay_buffer, global_optimizer,
                        global_loss_scale):
    state, action, reward, next_state, done = replay_buffer.sample(batch_size)
    state = torch.tensor(np.float32(state)).to(device)
    q_values = [agent.q_network(state) for agent in agent_ls]
    eta_values = [q_value[:, -1] - q_value[:, 0] for q_value in q_values]

    q_target_values = [agent.target_q_network(state) for agent in agent_ls]
    eta_target_values = [
        q_target_value[:, -1] - q_target_value[:, 0]
        for q_target_value in q_target_values
    ]

    corrcoef_ls = [
        corrcoef(eta_values[i], eta_target_values[j])**2
        for i in range(len(eta_values)) for j in range(len(eta_target_values))
        if i != j
    ]

    global_loss = torch.tensor(0.0).to(device)
    for corr in corrcoef_ls:
        global_loss += corr
    global_loss *= global_loss_scale

    global_optimizer.zero_grad()
    global_loss.backward()
    global_optimizer.step()

    return global_loss


def get_epsilon(epsilon_start, epsilon_final, epsilon_decay, frame_idx):
    return epsilon_final + (epsilon_start - epsilon_final) * math.exp(
        -1.0 * frame_idx / epsilon_decay)


def soft_update(q_network, target_q_network, tau):
    for t_param, param in zip(target_q_network.parameters(),
                              q_network.parameters()):
        if t_param is param:
            continue
        new_param = tau * param.data + (1.0 - tau) * t_param.data
        t_param.data.copy_(new_param)


def hard_update(q_network, target_q_network):
    for t_param, param in zip(target_q_network.parameters(),
                              q_network.parameters()):
        if t_param is param:
            continue
        new_param = param.data
        t_param.data.copy_(new_param)


def test_agent(test_env, agent_ls, logger):
    state = test_env.reset()

    while True:
        for idx, agent in enumerate(agent_ls):
            action = agent.act(state, epsilon=0)
            _, _, done, _ = test_env.predict(action.cpu().numpy(),
                                             agent_id=idx)
        if done.all():
            logger.info('test')
            test_env.stats()
            break
        state = test_env.step()


def test_portfolio(train_env, test_env, agent_ls, logger):
    for env in [train_env, test_env]:
        state = env.reset()
        while True:
            for idx, agent in enumerate(agent_ls):
                action = agent.act(state, epsilon=0)
                _, _, done, _ = env.predict(action.cpu().numpy(), agent_id=idx)

            with torch.no_grad():
                q_values = [
                    agent.q_network(
                        torch.as_tensor(state,
                                        device=device,
                                        dtype=torch.float32))
                    for agent in agent_ls
                ]
                eta_values = [
                    q_value[:, -1] - q_value[:, 0] for q_value in q_values
                ]
                eta_values = [
                    eta_value / eta_value.abs().sum()
                    for eta_value in eta_values
                ]

                portfolio = torch.row_stack(eta_values).mean(axis=0)
                portfolio /= portfolio.abs().sum()
                portfolio += 1

                _, _, done, _ = env.predict(portfolio.cpu().numpy(),
                                            agent_id='portfolio')

            if done.all():
                logger.info(env.name)
                env.stats()
                break

            state = env.step()


def make_agent(params, hidden_dims=-1):
    if hidden_dims == -1:
        hidden_dims = params.hidden_dims
    q_network = DQN(num_days=params.ts_window, hidden_dims=hidden_dims)
    target_q_network = deepcopy(q_network)

    if USE_CUDA:
        q_network = q_network.to(device)
        target_q_network = target_q_network.to(device)

    agent = Agent(q_network, target_q_network, lr=params.learning_rate)

    return agent


def run_gym(params):
    logpath = Path(os.path.join(params.save_dir, 'logs'))
    logpath.parent.mkdir(parents=True, exist_ok=True)

    logger = get_logger(logpath=logpath, filepath=os.path.abspath(__file__))
    logger.info(params)

    env = StockEnv(ts_window=params.ts_window,
                   start_date='20100101',
                   end_date='20190101',
                   logger=logger,
                   agent_num=params.agent_num,
                   ic_coef=params.ic_scale,
                   name='train')

    train_env = deepcopy(env)
    test_env = StockEnv(ts_window=params.ts_window,
                        start_date='20190102',
                        end_date='20210603',
                        logger=logger,
                        agent_num=params.agent_num,
                        ic_coef=params.ic_scale,
                        name='test')

    agent_ls = [
        make_agent(params, hidden_dims=(2**(6 + i), 2**(6 + i)))
        for i in range(params.agent_num)
    ]

    global_optimizer = optim.Adam([{
        'params': agent.q_network.parameters()
    } for agent in agent_ls],
                                  lr=params.learning_rate)

    replay_buffer = ReplayBuffer(params.replay_size)

    losses, all_rewards = [], []
    episode_reward = 0

    state = env.reset()
    # state shape: [num_stocks, ts_window]

    for ts in range(1, params.max_ts + 1):

        epsilon = get_epsilon(params.epsilon_start, params.epsilon_end,
                              params.epsilon_decay, ts)

        for idx, agent in enumerate(agent_ls):
            action = agent.act(state, epsilon)
            next_state, reward, done, _ = env.predict(action.cpu().numpy(),
                                                      agent_id=idx)
            reward *= params.reward_scale
            replay_buffer.push_batch(state, action, reward, next_state, done)
            episode_reward += reward.mean()

        if done.all():
            env.stats()
            state = env.reset()
            all_rewards.append(episode_reward / params.agent_num)
            episode_reward = 0

        state = env.step()

        if len(replay_buffer
               ) > params.start_train_ts and ts % params.update_every == 0:
            # Update the q-network & the target network
            for _ in range(params.gradient_step):
                all_loss = 0
                for agent in agent_ls:
                    loss = compute_local_loss(agent, params.batch_size,
                                              replay_buffer, params.gamma)
                    all_loss += loss.data

                global_loss = compute_global_loss(agent_ls, params.batch_size,
                                                  replay_buffer,
                                                  global_optimizer,
                                                  params.global_loss_scale)
                all_loss += global_loss.data
                losses.append(all_loss)

            if ts % params.target_network_update_f == 0:
                for agent in agent_ls:
                    hard_update(agent.q_network, agent.target_q_network)

        if ts % params.log_every == 0:
            out_str = "Timestep {}".format(ts)
            if len(all_rewards) > 0:
                out_str += ", Reward: {}".format(all_rewards[-1])
            if len(losses) > 0:
                out_str += ", TD Loss: {}".format(losses[-1])
            logger.info(out_str)
            [
                agent.save(agent_id=i, save_dir=params.save_dir)
                for i, agent in enumerate(agent_ls)
            ]

            test_agent(test_env, agent_ls, logger)

            if ts > 50000:
                test_portfolio(train_env, test_env, agent_ls, logger)

            logger.info('------------------')


if __name__ == "__main__":
    parser = argparse.ArgumentParser()
    parser.add_argument("--learning_rate", type=float, default=1e-4)
    parser.add_argument("--target_update_rate", type=float, default=0.1)
    parser.add_argument("--replay_size", type=int, default=100000)
    parser.add_argument("--start_train_ts", type=int, default=100)
    parser.add_argument("--epsilon_start", type=float, default=1.0)
    parser.add_argument("--epsilon_end", type=float, default=0.1)
    parser.add_argument("--epsilon_decay", type=int, default=1000)
    parser.add_argument("--max_ts", type=int, default=1000000)
    parser.add_argument("--batch_size", type=int, default=32)
    parser.add_argument("--gamma", type=float, default=0.9)
    parser.add_argument("--log_every", type=int, default=1000)
    parser.add_argument("--target_network_update_f", type=int, default=1000)
    parser.add_argument("--save_dir", type=str, default='experiments/v1')

    parser.add_argument("--ts_window", type=int, default=10)
    parser.add_argument("--reward_scale", type=float, default=1.0)
    parser.add_argument("--update_every", type=int, default=1)
    parser.add_argument("--gradient_step", type=int, default=1)
    parser.add_argument("--hidden_dims", type=tuple, default=(256, 256))
    parser.add_argument("--agent_num", type=int, default=4)
    parser.add_argument("--ic_scale", type=float, default=10.0)
    parser.add_argument("--global_loss_scale", type=float, default=1)

    run_gym(parser.parse_args())

Namespace(agent_num=4, batch_size=32, epsilon_decay=1000, epsilon_end=0.1, epsilon_start=1.0, gamma=0.9, global_loss_scale=1, gradient_step=1, hidden_dims=(256, 256), ic_scale=10.0, learning_rate=0.0001, log_every=1000, max_ts=1000000, replay_size=100000, reward_scale=1.0, save_dir='experiments/v1_100d_10', start_train_ts=100, target_network_update_f=1000, target_update_rate=0.1, ts_window=100, update_every=1)
init env:firstday:20100603 tradedays:2186,tickers:3599
init env:firstday:20190102 tradedays:687,tickers:4400
Timestep 1000, TD Loss: 17.319851857576023
test
0:  annret:7.846,  sharpe:0.693
1:  annret:5.057,  sharpe:0.333
2:  annret:12.216,  sharpe:0.752
3:  annret:9.556,  sharpe:0.522
          0         1         2         3
0  1.000000  0.390463  0.520644  0.518497
1  0.390463  1.000000  0.650957  0.660175
2  0.520644  0.650957  1.000000  0.799725
3  0.518497  0.660175  0.799725  1.000000
------------------
Timestep 2000, TD Loss: 20.733761489007485
test
0:  annret:-8.572,  sharpe:-0.692
1:  annret:-7.469,  sharpe:-0.509
2:  annret:-6.470,  sharpe:-0.410
3:  annret:-5.736,  sharpe:-0.320
          0         1         2         3
0  1.000000  0.578722  0.457716  0.457974
1  0.578722  1.000000  0.631237  0.687157
2  0.457716  0.631237  1.000000  0.711178
3  0.457974  0.687157  0.711178  1.000000
------------------
0:  annret:-0.997,  sharpe:-0.066
1:  annret:-0.101,  sharpe:-0.006
2:  annret:1.315,  sharpe:0.084
3:  annret:-0.590,  sharpe:-0.033
          0         1         2         3
0  1.000000  0.342504  0.097006  0.351069
1  0.342504  1.000000  0.243432  0.335047
2  0.097006  0.243432  1.000000  0.413099
3  0.351069  0.335047  0.413099  1.000000
Timestep 3000, Reward: 51.48799845756655, TD Loss: 32.98163246329294
test
0:  annret:-1.136,  sharpe:-0.091
1:  annret:0.059,  sharpe:0.005
2:  annret:8.124,  sharpe:0.580
3:  annret:13.196,  sharpe:0.693
          0         1         2         3
0  1.000000  0.273390  0.244336  0.450975
1  0.273390  1.000000  0.250079  0.337889
2  0.244336  0.250079  1.000000  0.427869
3  0.450975  0.337889  0.427869  1.000000
------------------
Timestep 4000, Reward: 51.48799845756655, TD Loss: 33.36943423405364
test
0:  annret:-2.918,  sharpe:-0.234
1:  annret:-7.037,  sharpe:-0.547
2:  annret:-5.118,  sharpe:-0.358
3:  annret:4.434,  sharpe:0.284
          0         1         2         3
0  1.000000  0.324150  0.086595 -0.031323
1  0.324150  1.000000  0.477623  0.486902
2  0.086595  0.477623  1.000000  0.643011
3 -0.031323  0.486902  0.643011  1.000000
------------------
0:  annret:8.427,  sharpe:0.447
1:  annret:11.318,  sharpe:0.571
2:  annret:18.848,  sharpe:0.939
3:  annret:21.663,  sharpe:1.074
          0         1         2         3
0  1.000000  0.441642  0.413826  0.309471
1  0.441642  1.000000  0.414841  0.406762
2  0.413826  0.414841  1.000000  0.497920
3  0.309471  0.406762  0.497920  1.000000
Timestep 5000, Reward: 204.03616098282842, TD Loss: 36.10835789065024
test
0:  annret:9.810,  sharpe:0.562
1:  annret:6.502,  sharpe:0.379
2:  annret:8.914,  sharpe:0.568
3:  annret:10.710,  sharpe:0.701
          0         1         2         3
0  1.000000  0.773363  0.668706  0.645239
1  0.773363  1.000000  0.625393  0.693975
2  0.668706  0.625393  1.000000  0.639143
3  0.645239  0.693975  0.639143  1.000000
------------------
Timestep 6000, Reward: 204.03616098282842, TD Loss: 15.31166348612685
test
0:  annret:-2.402,  sharpe:-0.203
1:  annret:-9.833,  sharpe:-0.735
2:  annret:8.066,  sharpe:0.563
3:  annret:9.123,  sharpe:0.576
          0         1         2         3
0  1.000000  0.247177  0.157779  0.069691
1  0.247177  1.000000  0.456716  0.407637
2  0.157779  0.456716  1.000000  0.511602
3  0.069691  0.407637  0.511602  1.000000
------------------
0:  annret:15.683,  sharpe:0.858
1:  annret:22.080,  sharpe:1.122
2:  annret:35.771,  sharpe:1.922
3:  annret:28.833,  sharpe:1.370
          0         1         2         3
0  1.000000  0.427957  0.455455  0.432390
1  0.427957  1.000000  0.475652  0.574965
2  0.455455  0.475652  1.000000  0.537829
3  0.432390  0.574965  0.537829  1.000000
Timestep 7000, Reward: 308.21790338895244, TD Loss: 59.67749019998239
test
0:  annret:4.320,  sharpe:0.381
1:  annret:-7.821,  sharpe:-0.713
2:  annret:13.222,  sharpe:0.954
3:  annret:5.085,  sharpe:0.406
          0         1         2         3
0  1.000000 -0.041274  0.003915  0.074204
1 -0.041274  1.000000 -0.205621  0.208191
2  0.003915 -0.205621  1.000000  0.088170
3  0.074204  0.208191  0.088170  1.000000
------------------
Timestep 8000, Reward: 308.21790338895244, TD Loss: 16.779388629452672
test
0:  annret:7.783,  sharpe:0.630
1:  annret:-8.104,  sharpe:-0.639
2:  annret:2.067,  sharpe:0.136
3:  annret:2.450,  sharpe:0.142
          0         1         2         3
0  1.000000 -0.155933 -0.378364 -0.442384
1 -0.155933  1.000000  0.506975  0.463066
2 -0.378364  0.506975  1.000000  0.587746
3 -0.442384  0.463066  0.587746  1.000000
------------------
0:  annret:23.738,  sharpe:1.306
1:  annret:35.340,  sharpe:1.904
2:  annret:44.322,  sharpe:2.170
3:  annret:42.845,  sharpe:2.041
          0         1         2         3
0  1.000000  0.463604  0.464747  0.409169
1  0.463604  1.000000  0.487790  0.433978
2  0.464747  0.487790  1.000000  0.512764
3  0.409169  0.433978  0.512764  1.000000
Timestep 9000, Reward: 416.35812509965405, TD Loss: 25.040465112279495
test
0:  annret:0.246,  sharpe:0.021
1:  annret:-6.946,  sharpe:-0.626
2:  annret:7.330,  sharpe:0.621
3:  annret:11.499,  sharpe:0.933
          0         1         2         3
0  1.000000  0.036093  0.045569  0.052912
1  0.036093  1.000000 -0.150240  0.025540
2  0.045569 -0.150240  1.000000  0.006492
3  0.052912  0.025540  0.006492  1.000000
------------------
Timestep 10000, Reward: 416.35812509965405, TD Loss: 16.718992356814955
test
0:  annret:3.312,  sharpe:0.306
1:  annret:-6.311,  sharpe:-0.591
2:  annret:4.596,  sharpe:0.386
3:  annret:13.896,  sharpe:1.001
          0         1         2         3
0  1.000000  0.148866 -0.120208 -0.005923
1  0.148866  1.000000  0.169757  0.298806
2 -0.120208  0.169757  1.000000  0.228514
3 -0.005923  0.298806  0.228514  1.000000
------------------
0:  annret:31.112,  sharpe:1.627
1:  annret:40.104,  sharpe:2.104
2:  annret:50.958,  sharpe:2.578
3:  annret:49.848,  sharpe:2.506
          0         1         2         3
0  1.000000  0.454354  0.487507  0.455512
1  0.454354  1.000000  0.462101  0.475883
2  0.487507  0.462101  1.000000  0.534605
3  0.455512  0.475883  0.534605  1.000000
Timestep 11000, Reward: 492.9810625827197, TD Loss: 19.772116386666358
test
0:  annret:2.200,  sharpe:0.200
1:  annret:-5.495,  sharpe:-0.476
2:  annret:0.048,  sharpe:0.004
3:  annret:3.979,  sharpe:0.320
          0         1         2         3
0  1.000000  0.029508  0.057575  0.048121
1  0.029508  1.000000  0.024399  0.315839
2  0.057575  0.024399  1.000000  0.188930
3  0.048121  0.315839  0.188930  1.000000
------------------
Timestep 12000, Reward: 492.9810625827197, TD Loss: 16.22353560600189
test
0:  annret:3.212,  sharpe:0.296
1:  annret:-1.916,  sharpe:-0.159
2:  annret:11.756,  sharpe:0.865
3:  annret:17.851,  sharpe:1.298
          0         1         2         3
0  1.000000  0.065735 -0.042522  0.063530
1  0.065735  1.000000  0.450467  0.233568
2 -0.042522  0.450467  1.000000  0.401355
3  0.063530  0.233568  0.401355  1.000000
------------------
0:  annret:37.347,  sharpe:1.907
1:  annret:38.074,  sharpe:2.068
2:  annret:60.674,  sharpe:3.106
3:  annret:65.390,  sharpe:3.431
          0         1         2         3
0  1.000000  0.412866  0.508457  0.376080
1  0.412866  1.000000  0.508767  0.351456
2  0.508457  0.508767  1.000000  0.506856
3  0.376080  0.351456  0.506856  1.000000
Timestep 13000, Reward: 560.7830624821263, TD Loss: 17.191427897153265
test
0:  annret:2.153,  sharpe:0.191
1:  annret:-6.749,  sharpe:-0.648
2:  annret:7.926,  sharpe:0.631
3:  annret:9.846,  sharpe:0.819
          0         1         2         3
0  1.000000  0.106268  0.031869 -0.132563
1  0.106268  1.000000  0.040825 -0.028672
2  0.031869  0.040825  1.000000  0.202930
3 -0.132563 -0.028672  0.202930  1.000000
------------------
Timestep 14000, Reward: 560.7830624821263, TD Loss: 21.874801909311294
test
0:  annret:12.964,  sharpe:0.928
1:  annret:-0.202,  sharpe:-0.018
2:  annret:16.322,  sharpe:1.267
3:  annret:14.063,  sharpe:1.167
          0         1         2         3
0  1.000000  0.326393  0.298665  0.259896
1  0.326393  1.000000  0.170366  0.200216
2  0.298665  0.170366  1.000000  0.380425
3  0.259896  0.200216  0.380425  1.000000
------------------
0:  annret:33.552,  sharpe:1.836
1:  annret:49.242,  sharpe:2.767
2:  annret:60.535,  sharpe:3.027
3:  annret:63.584,  sharpe:3.366
          0         1         2         3
0  1.000000  0.356166  0.477448  0.415670
1  0.356166  1.000000  0.462229  0.377041
2  0.477448  0.462229  1.000000  0.503362
3  0.415670  0.377041  0.503362  1.000000
Timestep 15000, Reward: 586.5390146564176, TD Loss: 15.464714970801005
test
0:  annret:0.685,  sharpe:0.065
1:  annret:-6.720,  sharpe:-0.417
2:  annret:1.325,  sharpe:0.100
3:  annret:-7.144,  sharpe:-0.426
          0         1         2         3
0  1.000000  0.078572 -0.067484  0.020612
1  0.078572  1.000000  0.474162  0.832026
2 -0.067484  0.474162  1.000000  0.610349
3  0.020612  0.832026  0.610349  1.000000
------------------
Timestep 16000, Reward: 586.5390146564176, TD Loss: 42.761366704646186
test
0:  annret:2.709,  sharpe:0.270
1:  annret:-6.651,  sharpe:-0.608
2:  annret:1.187,  sharpe:0.075
3:  annret:-13.616,  sharpe:-0.856
          0         1         2         3
0  1.000000  0.112410 -0.001387  0.086732
1  0.112410  1.000000  0.370903  0.539506
2 -0.001387  0.370903  1.000000  0.698286
3  0.086732  0.539506  0.698286  1.000000
------------------
0:  annret:40.335,  sharpe:2.174
1:  annret:59.340,  sharpe:3.326
2:  annret:62.273,  sharpe:3.388
3:  annret:65.528,  sharpe:3.576
          0         1         2         3
0  1.000000  0.362233  0.414616  0.329881
1  0.362233  1.000000  0.429938  0.414223
2  0.414616  0.429938  1.000000  0.447933
3  0.329881  0.414223  0.447933  1.000000
Timestep 17000, Reward: 633.9548667573024, TD Loss: 28.40871234069496
test
0:  annret:3.577,  sharpe:0.316
1:  annret:6.576,  sharpe:0.600
2:  annret:12.229,  sharpe:0.973
3:  annret:0.699,  sharpe:0.061
          0         1         2         3
0  1.000000  0.163440 -0.157243  0.027008
1  0.163440  1.000000 -0.084614  0.105548
2 -0.157243 -0.084614  1.000000  0.205095
3  0.027008  0.105548  0.205095  1.000000
------------------
Timestep 18000, Reward: 633.9548667573024, TD Loss: 50.69548756478524
test
0:  annret:8.209,  sharpe:0.629
1:  annret:2.980,  sharpe:0.251
2:  annret:1.780,  sharpe:0.156
3:  annret:2.792,  sharpe:0.228
          0         1         2         3
0  1.000000  0.379538 -0.088084  0.367600
1  0.379538  1.000000 -0.063229  0.465725
2 -0.088084 -0.063229  1.000000 -0.073630
3  0.367600  0.465725 -0.073630  1.000000
------------------
0:  annret:40.291,  sharpe:2.180
1:  annret:63.110,  sharpe:3.292
2:  annret:67.287,  sharpe:3.426
3:  annret:66.199,  sharpe:3.341
          0         1         2         3
0  1.000000  0.393497  0.435542  0.421215
1  0.393497  1.000000  0.553751  0.499720
2  0.435542  0.553751  1.000000  0.564833
3  0.421215  0.499720  0.564833  1.000000
Timestep 19000, Reward: 654.2763508563431, TD Loss: 27.310227699149166
test
0:  annret:5.872,  sharpe:0.491
1:  annret:3.063,  sharpe:0.272
2:  annret:12.565,  sharpe:1.227
3:  annret:1.062,  sharpe:0.100
          0         1         2         3
0  1.000000  0.237673 -0.033428  0.170297
1  0.237673  1.000000 -0.097025  0.143276
2 -0.033428 -0.097025  1.000000  0.271212
3  0.170297  0.143276  0.271212  1.000000
------------------
Timestep 20000, Reward: 654.2763508563431, TD Loss: 174.16821315633618
test
0:  annret:11.356,  sharpe:0.687
1:  annret:-0.101,  sharpe:-0.007
2:  annret:3.916,  sharpe:0.363
3:  annret:8.823,  sharpe:0.678
          0         1         2         3
0  1.000000  0.722591 -0.110525  0.602000
1  0.722591  1.000000  0.003304  0.584020
2 -0.110525  0.003304  1.000000  0.100677
3  0.602000  0.584020  0.100677  1.000000
------------------
0:  annret:42.727,  sharpe:2.376
1:  annret:59.248,  sharpe:3.335
2:  annret:67.971,  sharpe:3.466
3:  annret:76.463,  sharpe:3.848
          0         1         2         3
0  1.000000  0.381808  0.502353  0.478820
1  0.381808  1.000000  0.467057  0.442822
2  0.502353  0.467057  1.000000  0.529008
3  0.478820  0.442822  0.529008  1.000000
Timestep 21000, Reward: 671.056185079502, TD Loss: 46.102241118258036
test
0:  annret:0.338,  sharpe:0.030
1:  annret:-3.525,  sharpe:-0.346
2:  annret:5.480,  sharpe:0.514
3:  annret:0.802,  sharpe:0.069
          0         1         2         3
0  1.000000  0.148050  0.036884  0.156448
1  0.148050  1.000000 -0.261251  0.109964
2  0.036884 -0.261251  1.000000 -0.150162
3  0.156448  0.109964 -0.150162  1.000000
------------------
Timestep 22000, Reward: 671.056185079502, TD Loss: 36.15754563922984
test
0:  annret:12.898,  sharpe:0.672
1:  annret:7.842,  sharpe:0.441
2:  annret:13.945,  sharpe:0.750
3:  annret:10.878,  sharpe:0.505
          0         1         2         3
0  1.000000  0.885173  0.867585  0.931583
1  0.885173  1.000000  0.845497  0.905150
2  0.867585  0.845497  1.000000  0.927501
3  0.931583  0.905150  0.927501  1.000000
------------------
0:  annret:44.154,  sharpe:2.423
1:  annret:63.106,  sharpe:3.647
2:  annret:70.242,  sharpe:3.472
3:  annret:71.508,  sharpe:3.809
          0         1         2         3
0  1.000000  0.346654  0.478355  0.359482
1  0.346654  1.000000  0.435504  0.437566
2  0.478355  0.435504  1.000000  0.463916
3  0.359482  0.437566  0.463916  1.000000
Timestep 23000, Reward: 690.1731633216369, TD Loss: 26.144677687113155
test
0:  annret:0.024,  sharpe:0.002
1:  annret:5.258,  sharpe:0.491
2:  annret:6.913,  sharpe:0.777
3:  annret:2.016,  sharpe:0.172
          0         1         2         3
0  1.000000  0.058595  0.152343  0.133804
1  0.058595  1.000000  0.105873  0.353930
2  0.152343  0.105873  1.000000  0.145628
3  0.133804  0.353930  0.145628  1.000000
------------------
Timestep 24000, Reward: 690.1731633216369, TD Loss: 30.16568782471039
test
0:  annret:14.810,  sharpe:0.808
1:  annret:6.848,  sharpe:0.633
2:  annret:16.863,  sharpe:0.845
3:  annret:5.734,  sharpe:0.418
          0         1         2         3
0  1.000000  0.557336  0.826634  0.676797
1  0.557336  1.000000  0.560573  0.413844
2  0.826634  0.560573  1.000000  0.717227
3  0.676797  0.413844  0.717227  1.000000
------------------
Timestep 25000, Reward: 690.1731633216369, TD Loss: 35.15037668222818
test
0:  annret:-4.308,  sharpe:-0.356
1:  annret:-5.894,  sharpe:-0.395
2:  annret:-7.451,  sharpe:-0.458
3:  annret:-3.510,  sharpe:-0.297
          0         1         2         3
0  1.000000  0.505389  0.433672  0.390961
1  0.505389  1.000000  0.716577  0.497172
2  0.433672  0.716577  1.000000  0.567596
3  0.390961  0.497172  0.567596  1.000000
------------------
0:  annret:43.149,  sharpe:2.338
1:  annret:67.060,  sharpe:3.702
2:  annret:72.173,  sharpe:3.660
3:  annret:73.317,  sharpe:3.847
          0         1         2         3
0  1.000000  0.463167  0.459210  0.381707
1  0.463167  1.000000  0.518096  0.418392
2  0.459210  0.518096  1.000000  0.487793
3  0.381707  0.418392  0.487793  1.000000
Timestep 26000, Reward: 714.4872083019089, TD Loss: 22.18407535903067
test
0:  annret:6.390,  sharpe:0.572
1:  annret:7.353,  sharpe:0.799
2:  annret:11.378,  sharpe:1.093
3:  annret:-1.834,  sharpe:-0.187
          0         1         2         3
0  1.000000  0.112124 -0.011325 -0.088831
1  0.112124  1.000000  0.094043  0.048317
2 -0.011325  0.094043  1.000000 -0.079461
3 -0.088831  0.048317 -0.079461  1.000000
------------------
Timestep 27000, Reward: 714.4872083019089, TD Loss: 36.35078124095176
test
0:  annret:4.585,  sharpe:0.402
1:  annret:-5.087,  sharpe:-0.430
2:  annret:9.111,  sharpe:0.691
3:  annret:-9.384,  sharpe:-0.892
          0         1         2         3
0  1.000000  0.186051 -0.213673 -0.201918
1  0.186051  1.000000  0.235950  0.034451
2 -0.213673  0.235950  1.000000  0.147469
3 -0.201918  0.034451  0.147469  1.000000
------------------
0:  annret:44.172,  sharpe:2.479
1:  annret:68.297,  sharpe:3.862
2:  annret:73.057,  sharpe:3.645
3:  annret:76.224,  sharpe:4.111
          0         1         2         3
0  1.000000  0.414948  0.440918  0.359916
1  0.414948  1.000000  0.481185  0.417444
2  0.440918  0.481185  1.000000  0.428405
3  0.359916  0.417444  0.428405  1.000000
Timestep 28000, Reward: 711.3245342766039, TD Loss: 47.726890013908005
test
0:  annret:14.300,  sharpe:0.843
1:  annret:2.408,  sharpe:0.175
2:  annret:13.659,  sharpe:1.310
3:  annret:2.460,  sharpe:0.137
          0         1         2         3
0  1.000000  0.670049  0.154489  0.791593
1  0.670049  1.000000  0.203052  0.784608
2  0.154489  0.203052  1.000000  0.249493
3  0.791593  0.784608  0.249493  1.000000
------------------
Timestep 29000, Reward: 711.3245342766039, TD Loss: 30.68744056401501
test
0:  annret:5.318,  sharpe:0.457
1:  annret:-5.350,  sharpe:-0.453
2:  annret:10.850,  sharpe:0.766
3:  annret:3.830,  sharpe:0.325
          0         1         2         3
0  1.000000  0.376783  0.136318  0.108275
1  0.376783  1.000000  0.512435  0.340749
2  0.136318  0.512435  1.000000  0.270925
3  0.108275  0.340749  0.270925  1.000000
------------------
0:  annret:43.261,  sharpe:2.441
1:  annret:70.064,  sharpe:3.961
2:  annret:72.181,  sharpe:3.707
3:  annret:72.525,  sharpe:3.710
          0         1         2         3
0  1.000000  0.344350  0.472737  0.413924
1  0.344350  1.000000  0.479080  0.410952
2  0.472737  0.479080  1.000000  0.405938
3  0.413924  0.410952  0.405938  1.000000
Timestep 30000, Reward: 710.4754203821329, TD Loss: 41.361178874041116
test
0:  annret:8.717,  sharpe:0.691
1:  annret:7.454,  sharpe:0.476
2:  annret:9.821,  sharpe:0.880
3:  annret:2.972,  sharpe:0.184
          0         1         2         3
0  1.000000  0.633965  0.470113  0.666371
1  0.633965  1.000000  0.582328  0.796751
2  0.470113  0.582328  1.000000  0.597644
3  0.666371  0.796751  0.597644  1.000000
------------------
Timestep 31000, Reward: 710.4754203821329, TD Loss: 32.73783836106191
test
0:  annret:-0.565,  sharpe:-0.054
1:  annret:1.493,  sharpe:0.170
2:  annret:6.577,  sharpe:0.557
3:  annret:-2.998,  sharpe:-0.232
          0         1         2         3
0  1.000000  0.015529 -0.069531  0.066364
1  0.015529  1.000000 -0.056579 -0.064080
2 -0.069531 -0.056579  1.000000  0.156827
3  0.066364 -0.064080  0.156827  1.000000
------------------
0:  annret:46.917,  sharpe:2.569
1:  annret:56.721,  sharpe:3.022
2:  annret:72.149,  sharpe:3.730
3:  annret:76.337,  sharpe:4.106
          0         1         2         3
0  1.000000  0.467458  0.458272  0.454377
1  0.467458  1.000000  0.410929  0.402213
2  0.458272  0.410929  1.000000  0.461467
3  0.454377  0.402213  0.461467  1.000000
Timestep 32000, Reward: 695.7437576898375, TD Loss: 38.42057865764603
test
0:  annret:7.385,  sharpe:0.673
1:  annret:3.594,  sharpe:0.297
2:  annret:9.143,  sharpe:0.777
3:  annret:-0.668,  sharpe:-0.054
          0         1         2         3
0  1.000000  0.345524 -0.235500  0.311029
1  0.345524  1.000000 -0.473349  0.622912
2 -0.235500 -0.473349  1.000000 -0.413784
3  0.311029  0.622912 -0.413784  1.000000
------------------
Timestep 33000, Reward: 695.7437576898375, TD Loss: 32.77642326430667
test
0:  annret:4.123,  sharpe:0.388
1:  annret:3.472,  sharpe:0.391
2:  annret:2.973,  sharpe:0.205
3:  annret:-3.974,  sharpe:-0.350
          0         1         2         3
0  1.000000  0.057887 -0.093007 -0.147799
1  0.057887  1.000000 -0.095806  0.103697
2 -0.093007 -0.095806  1.000000  0.358827
3 -0.147799  0.103697  0.358827  1.000000
------------------
0:  annret:48.095,  sharpe:2.662
1:  annret:62.083,  sharpe:3.362
2:  annret:78.939,  sharpe:3.821
3:  annret:68.935,  sharpe:3.601
          0         1         2         3
0  1.000000  0.477517  0.505942  0.333731
1  0.477517  1.000000  0.462977  0.347203
2  0.505942  0.462977  1.000000  0.336574
3  0.333731  0.347203  0.336574  1.000000
Timestep 34000, Reward: 734.1315243667258, TD Loss: 23.656533083180356
test
0:  annret:4.034,  sharpe:0.409
1:  annret:10.255,  sharpe:0.743
2:  annret:7.110,  sharpe:0.728
3:  annret:0.156,  sharpe:0.010
          0         1         2         3
0  1.000000  0.135310  0.071619  0.087984
1  0.135310  1.000000  0.092127  0.720514
2  0.071619  0.092127  1.000000  0.207386
3  0.087984  0.720514  0.207386  1.000000
------------------
Timestep 35000, Reward: 734.1315243667258, TD Loss: 13.901552342574202
test
0:  annret:7.558,  sharpe:0.767
1:  annret:15.387,  sharpe:1.231
2:  annret:9.153,  sharpe:0.801
3:  annret:4.094,  sharpe:0.355
          0         1         2         3
0  1.000000  0.080139  0.055496  0.054430
1  0.080139  1.000000 -0.241214  0.582645
2  0.055496 -0.241214  1.000000  0.077160
3  0.054430  0.582645  0.077160  1.000000
------------------
0:  annret:41.916,  sharpe:2.334
1:  annret:60.539,  sharpe:3.322
2:  annret:75.274,  sharpe:3.889
3:  annret:78.205,  sharpe:3.924
          0         1         2         3
0  1.000000  0.348480  0.355323  0.299834
1  0.348480  1.000000  0.422768  0.418930
2  0.355323  0.422768  1.000000  0.468370
3  0.299834  0.418930  0.468370  1.000000
Timestep 36000, Reward: 708.0689733308922, TD Loss: 27.14457644196287
test
0:  annret:-0.917,  sharpe:-0.070
1:  annret:1.966,  sharpe:0.217
2:  annret:4.845,  sharpe:0.528
3:  annret:-11.742,  sharpe:-1.213
          0        1         2         3
0  1.000000  0.39773  0.172899  0.219573
1  0.397730  1.00000  0.190930  0.122020
2  0.172899  0.19093  1.000000 -0.034754
3  0.219573  0.12202 -0.034754  1.000000
------------------
Timestep 37000, Reward: 708.0689733308922, TD Loss: 15.366419869539932
test
0:  annret:8.762,  sharpe:0.772
1:  annret:10.748,  sharpe:0.895
2:  annret:5.189,  sharpe:0.431
3:  annret:3.800,  sharpe:0.288
          0         1         2         3
0  1.000000  0.448909 -0.203178  0.454795
1  0.448909  1.000000 -0.293383  0.566544
2 -0.203178 -0.293383  1.000000 -0.209257
3  0.454795  0.566544 -0.209257  1.000000
------------------
0:  annret:48.106,  sharpe:2.615
1:  annret:73.387,  sharpe:3.829
2:  annret:73.880,  sharpe:3.731
3:  annret:83.968,  sharpe:4.198
          0         1         2         3
0  1.000000  0.473126  0.494251  0.424339
1  0.473126  1.000000  0.519444  0.489592
2  0.494251  0.519444  1.000000  0.464924
3  0.424339  0.489592  0.464924  1.000000
Timestep 38000, Reward: 755.9361735866007, TD Loss: 17.76678872793211
test
0:  annret:-1.148,  sharpe:-0.110
1:  annret:9.401,  sharpe:1.007
2:  annret:11.374,  sharpe:1.069
3:  annret:-9.759,  sharpe:-0.811
          0         1         2         3
0  1.000000 -0.031011 -0.215715  0.314427
1 -0.031011  1.000000  0.350491 -0.172262
2 -0.215715  0.350491  1.000000 -0.134676
3  0.314427 -0.172262 -0.134676  1.000000
------------------
Timestep 39000, Reward: 755.9361735866007, TD Loss: 23.555969752324323
test
0:  annret:14.183,  sharpe:0.847
1:  annret:6.795,  sharpe:0.616
2:  annret:18.120,  sharpe:1.228
3:  annret:-1.350,  sharpe:-0.127
          0         1         2         3
0  1.000000  0.709689  0.690290  0.453740
1  0.709689  1.000000  0.661058  0.374542
2  0.690290  0.661058  1.000000  0.411229
3  0.453740  0.374542  0.411229  1.000000
------------------
0:  annret:49.744,  sharpe:2.651
1:  annret:72.389,  sharpe:3.694
2:  annret:68.748,  sharpe:3.489
3:  annret:84.959,  sharpe:4.519
          0         1         2         3
0  1.000000  0.449610  0.488845  0.349164
1  0.449610  1.000000  0.482080  0.445172
2  0.488845  0.482080  1.000000  0.375563
3  0.349164  0.445172  0.375563  1.000000
Timestep 40000, Reward: 768.9159775845947, TD Loss: 47.51070069357398
test
0:  annret:-9.079,  sharpe:-0.675
1:  annret:-10.261,  sharpe:-0.695
2:  annret:-12.471,  sharpe:-0.667
3:  annret:-14.446,  sharpe:-0.758
          0         1         2         3
0  1.000000  0.675698  0.693444  0.726333
1  0.675698  1.000000  0.831983  0.852514
2  0.693444  0.831983  1.000000  0.880245
3  0.726333  0.852514  0.880245  1.000000
------------------
Timestep 41000, Reward: 768.9159775845947, TD Loss: 66.14542284050243
test
0:  annret:0.227,  sharpe:0.024
1:  annret:-1.822,  sharpe:-0.201
2:  annret:-2.971,  sharpe:-0.192
3:  annret:-11.124,  sharpe:-0.672
          0         1         2         3
0  1.000000 -0.011649 -0.346988 -0.299842
1 -0.011649  1.000000  0.121528  0.002759
2 -0.346988  0.121528  1.000000  0.713235
3 -0.299842  0.002759  0.713235  1.000000
------------------
0:  annret:50.193,  sharpe:2.524
1:  annret:68.869,  sharpe:3.506
2:  annret:76.434,  sharpe:3.967
3:  annret:94.212,  sharpe:4.717
          0         1         2         3
0  1.000000  0.487928  0.461327  0.315939
1  0.487928  1.000000  0.539628  0.398721
2  0.461327  0.539628  1.000000  0.391441
3  0.315939  0.398721  0.391441  1.000000
Timestep 42000, Reward: 796.4997076594248, TD Loss: 18.15466809126054
test
0:  annret:1.575,  sharpe:0.148
1:  annret:-2.734,  sharpe:-0.303
2:  annret:9.383,  sharpe:0.729
3:  annret:-12.255,  sharpe:-0.892
          0         1         2         3
0  1.000000  0.173910 -0.482146 -0.375148
1  0.173910  1.000000 -0.143193 -0.285014
2 -0.482146 -0.143193  1.000000  0.415111
3 -0.375148 -0.285014  0.415111  1.000000
------------------
Timestep 43000, Reward: 796.4997076594248, TD Loss: 67.14918468883525
test
0:  annret:13.539,  sharpe:0.777
1:  annret:11.471,  sharpe:0.503
2:  annret:-2.404,  sharpe:-0.190
3:  annret:-4.896,  sharpe:-0.475
          0         1         2         3
0  1.000000  0.889833 -0.462362  0.157279
1  0.889833  1.000000 -0.617111  0.016335
2 -0.462362 -0.617111  1.000000  0.128467
3  0.157279  0.016335  0.128467  1.000000
------------------
0:  annret:41.353,  sharpe:2.139
1:  annret:69.825,  sharpe:3.665
2:  annret:75.698,  sharpe:3.894
3:  annret:81.683,  sharpe:4.329
          0         1         2         3
0  1.000000  0.253038  0.391931  0.310677
1  0.253038  1.000000  0.435680  0.405014
2  0.391931  0.435680  1.000000  0.345135
3  0.310677  0.405014  0.345135  1.000000
Timestep 44000, Reward: 749.3374429778501, TD Loss: 19.802549836571306
test
0:  annret:-6.671,  sharpe:-0.751
1:  annret:6.143,  sharpe:0.417
2:  annret:11.648,  sharpe:1.014
