/home/zpgong/RL/MARL_Fin/main.py
#!/usr/bin/env python3
import argparse
import logging
import math
import os
import random
from copy import deepcopy
from pathlib import Path

import numpy as np
import torch
import torch.optim as optim

from env import StockEnv
from helpers import ReplayBuffer
from models import DQN

USE_CUDA = torch.cuda.is_available()
if USE_CUDA:
    print("Using GPU: GPU requested and available.")
    # dtype = torch.cuda.FloatTensor
    # dtypelong = torch.cuda.LongTensor
    device = torch.device("cuda")
else:
    print("NOT Using GPU: GPU not requested or not available.")
    # dtype = torch.FloatTensor
    # dtypelong = torch.LongTensor
    device = torch.device("cpu")


def get_logger(logpath,
               filepath,
               package_files=[],
               displaying=False,
               saving=True,
               debug=False):
    logger = logging.getLogger()
    if debug:
        level = logging.DEBUG
    else:
        level = logging.INFO
    logger.setLevel(level)
    if saving:
        info_file_handler = logging.FileHandler(logpath, mode="a")
        info_file_handler.setLevel(level)
        logger.addHandler(info_file_handler)
    if displaying:
        console_handler = logging.StreamHandler()
        console_handler.setLevel(level)
        logger.addHandler(console_handler)
    logger.info(filepath)
    with open(filepath, "r") as f:
        logger.info(f.read())

    for f in package_files:
        logger.info(f)
        with open(f, "r") as package_f:
            logger.info(package_f.read())

    return logger


class Agent:
    def __init__(self, q_network, target_q_network, lr):
        self.q_network = q_network
        self.target_q_network = target_q_network
        self.num_actions = 3
        self.optimizer = optim.Adam(self.q_network.parameters(), lr=lr)

    def act(self, state, epsilon):
        """DQN action - max q-value w/ epsilon greedy exploration."""
        state = torch.tensor(np.float32(state)).to(device)
        if random.random() > epsilon:
            q_value = self.q_network.forward(state)
            return q_value.max(1)[1].data
        return torch.randint(low=0, high=3,
                             size=(state.shape[0], 1)).squeeze(1)

    def save(self, agent_id, save_dir):
        save_f = Path(f'{save_dir}/model/agent_{agent_id}.pth')
        save_f.parent.mkdir(parents=True, exist_ok=True)
        torch.save(self.q_network.state_dict(), save_f)
        # print("Model has been saved...")

    def load(self, agent_id, save_dir):
        self.q_network = torch.load_state_dict(
            torch.load(f'{save_dir}/model/agent_{agent_id}.pth'))
        self.target_q_network = deepcopy(self.q_network)
        # print("Model has been loaded...")


def corrcoef(x, y):
    vx = x - torch.mean(x)
    vy = y - torch.mean(y)
    corr = torch.sum(vx * vy) / (torch.sqrt(torch.sum(vx**2)) *
                                 torch.sqrt(torch.sum(vy**2)))
    return corr


def compute_local_loss(agent, batch_size, replay_buffer, gamma):
    state, action, reward, next_state, done = replay_buffer.sample(batch_size)
    state = torch.tensor(np.float32(state)).to(device)
    next_state = torch.tensor(np.float32(next_state)).to(device)
    action = torch.tensor(action).to(device)
    reward = torch.tensor(reward).to(device)
    done = torch.tensor(np.float32(done)).to(device)
    # Normal DDQN update
    q_values = agent.q_network(state)
    q_value = q_values.gather(1, action.unsqueeze(1)).squeeze(1)
    # double q-learning
    online_next_q_values = agent.q_network(next_state)
    _, max_indices = torch.max(online_next_q_values, dim=1)
    target_q_values = agent.target_q_network(next_state)
    next_q_value = torch.gather(target_q_values, 1, max_indices.unsqueeze(1))
    expected_q_value = reward + gamma * next_q_value.squeeze(1) * (1 - done)
    loss = (q_value - expected_q_value.data).pow(2).mean()
    agent.optimizer.zero_grad()
    loss.backward()
    agent.optimizer.step()
    return loss


def compute_global_loss(agent_ls, batch_size, replay_buffer, global_optimizer,
                        global_loss_scale):
    state, action, reward, next_state, done = replay_buffer.sample(batch_size)
    state = torch.tensor(np.float32(state)).to(device)
    q_values = [agent.q_network(state) for agent in agent_ls]
    eta_values = [q_value[:, -1] - q_value[:, 0] for q_value in q_values]

    q_target_values = [agent.target_q_network(state) for agent in agent_ls]
    eta_target_values = [
        q_target_value[:, -1] - q_target_value[:, 0]
        for q_target_value in q_target_values
    ]

    corrcoef_ls = [
        corrcoef(eta_values[i], eta_target_values[j])**2
        for i in range(len(eta_values)) for j in range(len(eta_target_values))
        if i != j
    ]

    global_loss = torch.tensor(0.0).to(device)
    for corr in corrcoef_ls:
        global_loss += corr
    global_loss *= global_loss_scale

    global_optimizer.zero_grad()
    global_loss.backward()
    global_optimizer.step()

    return global_loss


def get_epsilon(epsilon_start, epsilon_final, epsilon_decay, frame_idx):
    return epsilon_final + (epsilon_start - epsilon_final) * math.exp(
        -1.0 * frame_idx / epsilon_decay)


def soft_update(q_network, target_q_network, tau):
    for t_param, param in zip(target_q_network.parameters(),
                              q_network.parameters()):
        if t_param is param:
            continue
        new_param = tau * param.data + (1.0 - tau) * t_param.data
        t_param.data.copy_(new_param)


def hard_update(q_network, target_q_network):
    for t_param, param in zip(target_q_network.parameters(),
                              q_network.parameters()):
        if t_param is param:
            continue
        new_param = param.data
        t_param.data.copy_(new_param)


def test_agent(test_env, agent_ls, logger):
    state = test_env.reset()

    while True:
        for idx, agent in enumerate(agent_ls):
            action = agent.act(state, epsilon=0)
            _, _, done, _ = test_env.predict(action.cpu().numpy(),
                                             agent_id=idx)
        if done.all():
            logger.info('test')
            test_env.stats()
            break
        state = test_env.step()


def test_portfolio(train_env, test_env, agent_ls, logger):
    for env in [train_env, test_env]:
        state = env.reset()
        while True:
            for idx, agent in enumerate(agent_ls):
                action = agent.act(state, epsilon=0)
                _, _, done, _ = env.predict(action.cpu().numpy(), agent_id=idx)

            with torch.no_grad():
                q_values = [
                    agent.q_network(
                        torch.as_tensor(state,
                                        device=device,
                                        dtype=torch.float32))
                    for agent in agent_ls
                ]
                eta_values = [
                    q_value[:, -1] - q_value[:, 0] for q_value in q_values
                ]
                eta_values = [
                    eta_value / eta_value.abs().sum()
                    for eta_value in eta_values
                ]

                portfolio = torch.row_stack(eta_values).mean(axis=0)
                portfolio /= portfolio.abs().sum()
                portfolio += 1

                _, _, done, _ = env.predict(portfolio.cpu().numpy(),
                                            agent_id='portfolio')

            if done.all():
                logger.info(env.name)
                env.stats()
                break

            state = env.step()


def make_agent(params, hidden_dims=-1):
    if hidden_dims == -1:
        hidden_dims = params.hidden_dims
    q_network = DQN(num_days=params.ts_window, hidden_dims=hidden_dims)
    target_q_network = deepcopy(q_network)

    if USE_CUDA:
        q_network = q_network.to(device)
        target_q_network = target_q_network.to(device)

    agent = Agent(q_network, target_q_network, lr=params.learning_rate)

    return agent


def run_gym(params):
    logpath = Path(os.path.join(params.save_dir, 'logs'))
    logpath.parent.mkdir(parents=True, exist_ok=True)

    logger = get_logger(logpath=logpath, filepath=os.path.abspath(__file__))
    logger.info(params)

    env = StockEnv(ts_window=params.ts_window,
                   start_date='20100101',
                   end_date='20190101',
                   logger=logger,
                   agent_num=params.agent_num,
                   ic_coef=params.ic_scale,
                   name='train')

    train_env = deepcopy(env)
    test_env = StockEnv(ts_window=params.ts_window,
                        start_date='20190102',
                        end_date='20210603',
                        logger=logger,
                        agent_num=params.agent_num,
                        ic_coef=params.ic_scale,
                        name='test')

    agent_ls = [
        make_agent(params, hidden_dims=(2**(6 + i), 2**(6 + i)))
        for i in range(params.agent_num)
    ]

    global_optimizer = optim.Adam([{
        'params': agent.q_network.parameters()
    } for agent in agent_ls],
                                  lr=params.learning_rate)

    replay_buffer = ReplayBuffer(params.replay_size)

    losses, all_rewards = [], []
    episode_reward = 0

    state = env.reset()
    # state shape: [num_stocks, ts_window]

    for ts in range(1, params.max_ts + 1):

        epsilon = get_epsilon(params.epsilon_start, params.epsilon_end,
                              params.epsilon_decay, ts)

        for idx, agent in enumerate(agent_ls):
            action = agent.act(state, epsilon)
            next_state, reward, done, _ = env.predict(action.cpu().numpy(),
                                                      agent_id=idx)
            reward *= params.reward_scale
            replay_buffer.push_batch(state, action, reward, next_state, done)
            episode_reward += reward.mean()

        if done.all():
            env.stats()
            state = env.reset()
            all_rewards.append(episode_reward / params.agent_num)
            episode_reward = 0

        state = env.step()

        if len(replay_buffer
               ) > params.start_train_ts and ts % params.update_every == 0:
            # Update the q-network & the target network
            for _ in range(params.gradient_step):
                all_loss = 0
                for agent in agent_ls:
                    loss = compute_local_loss(agent, params.batch_size,
                                              replay_buffer, params.gamma)
                    all_loss += loss.data

                global_loss = compute_global_loss(agent_ls, params.batch_size,
                                                  replay_buffer,
                                                  global_optimizer,
                                                  params.global_loss_scale)
                all_loss += global_loss.data
                losses.append(all_loss)

            if ts % params.target_network_update_f == 0:
                for agent in agent_ls:
                    hard_update(agent.q_network, agent.target_q_network)

        if ts % params.log_every == 0:
            out_str = "Timestep {}".format(ts)
            if len(all_rewards) > 0:
                out_str += ", Reward: {}".format(all_rewards[-1])
            if len(losses) > 0:
                out_str += ", TD Loss: {}".format(losses[-1])
            logger.info(out_str)
            [
                agent.save(agent_id=i, save_dir=params.save_dir)
                for i, agent in enumerate(agent_ls)
            ]

            test_agent(test_env, agent_ls, logger)

            if ts > 50000:
                test_portfolio(train_env, test_env, agent_ls, logger)

            logger.info('------------------')


if __name__ == "__main__":
    parser = argparse.ArgumentParser()
    parser.add_argument("--learning_rate", type=float, default=1e-4)
    parser.add_argument("--target_update_rate", type=float, default=0.1)
    parser.add_argument("--replay_size", type=int, default=100000)
    parser.add_argument("--start_train_ts", type=int, default=100)
    parser.add_argument("--epsilon_start", type=float, default=1.0)
    parser.add_argument("--epsilon_end", type=float, default=0.1)
    parser.add_argument("--epsilon_decay", type=int, default=1000)
    parser.add_argument("--max_ts", type=int, default=1000000)
    parser.add_argument("--batch_size", type=int, default=32)
    parser.add_argument("--gamma", type=float, default=0.9)
    parser.add_argument("--log_every", type=int, default=1000)
    parser.add_argument("--target_network_update_f", type=int, default=1000)
    parser.add_argument("--save_dir", type=str, default='experiments/v1')

    parser.add_argument("--ts_window", type=int, default=10)
    parser.add_argument("--reward_scale", type=float, default=1.0)
    parser.add_argument("--update_every", type=int, default=1)
    parser.add_argument("--gradient_step", type=int, default=1)
    parser.add_argument("--hidden_dims", type=tuple, default=(256, 256))
    parser.add_argument("--agent_num", type=int, default=4)
    parser.add_argument("--ic_scale", type=float, default=10.0)
    parser.add_argument("--global_loss_scale", type=float, default=1)

    run_gym(parser.parse_args())

Namespace(agent_num=4, batch_size=32, epsilon_decay=1000, epsilon_end=0.1, epsilon_start=1.0, gamma=0.9, global_loss_scale=1, gradient_step=1, hidden_dims=(256, 256), ic_scale=10.0, learning_rate=0.0001, log_every=1000, max_ts=1000000, replay_size=100000, reward_scale=1.0, save_dir='experiments/v1_10d_10', start_train_ts=100, target_network_update_f=1000, target_update_rate=0.1, ts_window=10, update_every=1)
init env:firstday:20100119 tradedays:2186,tickers:3599
init env:firstday:20190102 tradedays:597,tickers:4400
Timestep 1000, TD Loss: 37.17177949433622
test
0:  annret:8.425,  sharpe:0.574
1:  annret:7.718,  sharpe:0.404
2:  annret:8.488,  sharpe:0.409
3:  annret:8.833,  sharpe:0.518
          0         1         2         3
0  1.000000  0.613164  0.608131  0.456686
1  0.613164  1.000000  0.877836  0.659586
2  0.608131  0.877836  1.000000  0.651749
3  0.456686  0.659586  0.651749  1.000000
------------------
Timestep 2000, TD Loss: 26.90682264284973
test
0:  annret:1.653,  sharpe:0.113
1:  annret:-0.567,  sharpe:-0.035
2:  annret:-2.547,  sharpe:-0.169
3:  annret:-7.288,  sharpe:-0.456
          0         1         2         3
0  1.000000 -0.301277 -0.228348 -0.392296
1 -0.301277  1.000000  0.464466  0.578215
2 -0.228348  0.464466  1.000000  0.488305
3 -0.392296  0.578215  0.488305  1.000000
------------------
0:  annret:-6.062,  sharpe:-0.321
1:  annret:1.852,  sharpe:0.098
2:  annret:7.143,  sharpe:0.430
3:  annret:4.852,  sharpe:0.262
          0         1         2         3
0  1.000000  0.135054  0.138465  0.108078
1  0.135054  1.000000  0.401458  0.472377
2  0.138465  0.401458  1.000000  0.367110
3  0.108078  0.472377  0.367110  1.000000
Timestep 3000, Reward: 77.59519122082959, TD Loss: 36.27515463062572
test
0:  annret:11.574,  sharpe:0.943
1:  annret:8.963,  sharpe:0.497
2:  annret:22.792,  sharpe:1.065
3:  annret:18.829,  sharpe:0.885
          0         1         2         3
0  1.000000  0.131776  0.159075  0.226337
1  0.131776  1.000000  0.888476  0.853761
2  0.159075  0.888476  1.000000  0.950610
3  0.226337  0.853761  0.950610  1.000000
------------------
Timestep 4000, Reward: 77.59519122082959, TD Loss: 17.385320879040805
test
0:  annret:16.628,  sharpe:0.808
1:  annret:-3.864,  sharpe:-0.303
2:  annret:11.299,  sharpe:1.028
3:  annret:1.993,  sharpe:0.131
          0         1         2         3
0  1.000000  0.333852 -0.029554 -0.753392
1  0.333852  1.000000  0.438908 -0.034371
2 -0.029554  0.438908  1.000000  0.248175
3 -0.753392 -0.034371  0.248175  1.000000
------------------
0:  annret:6.926,  sharpe:0.308
1:  annret:6.292,  sharpe:0.307
2:  annret:19.830,  sharpe:0.962
3:  annret:9.994,  sharpe:0.473
          0         1         2         3
0  1.000000  0.373077  0.290762  0.444940
1  0.373077  1.000000  0.531096  0.358686
2  0.290762  0.531096  1.000000  0.418021
3  0.444940  0.358686  0.418021  1.000000
Timestep 5000, Reward: 154.06809340350014, TD Loss: 16.63887502299461
test
0:  annret:17.155,  sharpe:1.161
1:  annret:-3.230,  sharpe:-0.189
2:  annret:14.900,  sharpe:0.960
3:  annret:17.557,  sharpe:1.283
          0         1         2         3
0  1.000000  0.235323  0.446548  0.422018
1  0.235323  1.000000  0.611571  0.212404
2  0.446548  0.611571  1.000000  0.510823
3  0.422018  0.212404  0.510823  1.000000
------------------
Timestep 6000, Reward: 154.06809340350014, TD Loss: 6.928017673672496
test
0:  annret:17.850,  sharpe:0.860
1:  annret:5.280,  sharpe:0.369
2:  annret:17.817,  sharpe:1.127
3:  annret:10.478,  sharpe:0.652
          0         1         2         3
0  1.000000  0.661723  0.690481  0.757204
1  0.661723  1.000000  0.770076  0.710683
2  0.690481  0.770076  1.000000  0.741754
3  0.757204  0.710683  0.741754  1.000000
------------------
0:  annret:7.388,  sharpe:0.329
1:  annret:6.208,  sharpe:0.314
2:  annret:12.787,  sharpe:0.607
3:  annret:11.969,  sharpe:0.556
          0         1         2         3
0  1.000000  0.426947  0.529337  0.569201
1  0.426947  1.000000  0.505067  0.566290
2  0.529337  0.505067  1.000000  0.551554
3  0.569201  0.566290  0.551554  1.000000
Timestep 7000, Reward: 169.76160538147494, TD Loss: 18.979384222431285
test
0:  annret:9.054,  sharpe:0.688
1:  annret:-6.218,  sharpe:-0.449
2:  annret:28.738,  sharpe:1.596
3:  annret:23.092,  sharpe:1.786
          0         1         2         3
0  1.000000  0.010355  0.376642  0.266712
1  0.010355  1.000000 -0.365841  0.315350
2  0.376642 -0.365841  1.000000  0.036505
3  0.266712  0.315350  0.036505  1.000000
------------------
Timestep 8000, Reward: 169.76160538147494, TD Loss: 50.30222494763899
test
0:  annret:12.945,  sharpe:0.704
1:  annret:-3.627,  sharpe:-0.263
2:  annret:-0.353,  sharpe:-0.030
3:  annret:1.846,  sharpe:0.160
          0         1         2         3
0  1.000000  0.393134 -0.156747  0.241869
1  0.393134  1.000000  0.571125  0.597933
2 -0.156747  0.571125  1.000000  0.710138
3  0.241869  0.597933  0.710138  1.000000
------------------
0:  annret:-3.422,  sharpe:-0.160
1:  annret:7.871,  sharpe:0.400
2:  annret:20.641,  sharpe:0.977
3:  annret:15.430,  sharpe:0.736
          0         1         2         3
0  1.000000  0.578605  0.506585  0.470433
1  0.578605  1.000000  0.420177  0.425359
2  0.506585  0.420177  1.000000  0.535744
3  0.470433  0.425359  0.535744  1.000000
Timestep 9000, Reward: 130.29630739687306, TD Loss: 10.227993780882077
test
0:  annret:14.374,  sharpe:0.901
1:  annret:10.418,  sharpe:0.757
2:  annret:10.918,  sharpe:0.819
3:  annret:9.816,  sharpe:0.448
          0         1         2         3
0  1.000000  0.664946 -0.071279  0.780027
1  0.664946  1.000000 -0.102009  0.574357
2 -0.071279 -0.102009  1.000000 -0.275820
3  0.780027  0.574357 -0.275820  1.000000
------------------
Timestep 10000, Reward: 130.29630739687306, TD Loss: 49.40447427494389
test
0:  annret:19.007,  sharpe:0.752
1:  annret:13.103,  sharpe:0.604
2:  annret:14.910,  sharpe:0.698
3:  annret:17.581,  sharpe:0.687
          0         1         2         3
0  1.000000  0.928876  0.909724  0.993528
1  0.928876  1.000000  0.906609  0.930146
2  0.909724  0.906609  1.000000  0.911730
3  0.993528  0.930146  0.911730  1.000000
------------------
0:  annret:0.124,  sharpe:0.005
1:  annret:9.044,  sharpe:0.482
2:  annret:10.233,  sharpe:0.497
3:  annret:5.593,  sharpe:0.264
          0         1         2         3
0  1.000000  0.421156  0.383060  0.367010
1  0.421156  1.000000  0.329430  0.455212
2  0.383060  0.329430  1.000000  0.337477
3  0.367010  0.455212  0.337477  1.000000
Timestep 11000, Reward: 162.55099958114243, TD Loss: 17.696499374230154
test
0:  annret:-3.933,  sharpe:-0.271
1:  annret:-10.751,  sharpe:-0.533
2:  annret:9.716,  sharpe:0.567
3:  annret:-10.642,  sharpe:-0.468
          0         1         2         3
0  1.000000  0.539620  0.313553  0.563696
1  0.539620  1.000000  0.618067  0.807729
2  0.313553  0.618067  1.000000  0.682875
3  0.563696  0.807729  0.682875  1.000000
------------------
Timestep 12000, Reward: 162.55099958114243, TD Loss: 18.9109579563356
test
0:  annret:18.330,  sharpe:0.820
1:  annret:12.072,  sharpe:0.730
2:  annret:17.684,  sharpe:0.863
3:  annret:10.922,  sharpe:0.597
          0         1         2         3
0  1.000000  0.827783  0.869170  0.914084
1  0.827783  1.000000  0.812418  0.846823
2  0.869170  0.812418  1.000000  0.841640
3  0.914084  0.846823  0.841640  1.000000
------------------
Timestep 13000, Reward: 162.55099958114243, TD Loss: 42.438446607398085
test
0:  annret:-6.537,  sharpe:-0.471
1:  annret:-10.053,  sharpe:-0.472
2:  annret:8.073,  sharpe:0.491
3:  annret:-4.993,  sharpe:-0.216
          0         1         2         3
0  1.000000  0.478977  0.423278  0.548559
1  0.478977  1.000000  0.670529  0.846966
2  0.423278  0.670529  1.000000  0.727845
3  0.548559  0.846966  0.727845  1.000000
------------------
0:  annret:4.205,  sharpe:0.185
1:  annret:14.473,  sharpe:0.745
2:  annret:17.495,  sharpe:0.851
3:  annret:20.363,  sharpe:0.955
          0         1         2         3
0  1.000000  0.327667  0.489269  0.311837
1  0.327667  1.000000  0.483272  0.402953
2  0.489269  0.483272  1.000000  0.441132
3  0.311837  0.402953  0.441132  1.000000
Timestep 14000, Reward: 241.5754929764637, TD Loss: 15.661533502678571
test
0:  annret:10.895,  sharpe:0.738
1:  annret:14.212,  sharpe:1.131
2:  annret:15.715,  sharpe:0.990
3:  annret:5.422,  sharpe:0.530
          0         1         2         3
0  1.000000  0.520036  0.372177 -0.298130
1  0.520036  1.000000  0.435854 -0.112427
2  0.372177  0.435854  1.000000 -0.118779
3 -0.298130 -0.112427 -0.118779  1.000000
------------------
Timestep 15000, Reward: 241.5754929764637, TD Loss: 11.526535581949402
test
0:  annret:3.936,  sharpe:0.288
1:  annret:8.763,  sharpe:0.447
2:  annret:14.084,  sharpe:1.228
3:  annret:4.808,  sharpe:0.427
          0         1         2         3
0  1.000000 -0.015713  0.098400  0.170572
1 -0.015713  1.000000  0.022613  0.088028
2  0.098400  0.022613  1.000000  0.333605
3  0.170572  0.088028  0.333605  1.000000
------------------
0:  annret:1.330,  sharpe:0.066
1:  annret:6.439,  sharpe:0.308
2:  annret:20.019,  sharpe:0.983
3:  annret:13.827,  sharpe:0.721
          0         1         2         3
0  1.000000  0.248929  0.405326  0.308244
1  0.248929  1.000000  0.387118  0.421653
2  0.405326  0.387118  1.000000  0.498014
3  0.308244  0.421653  0.498014  1.000000
Timestep 16000, Reward: 246.48038011500708, TD Loss: 10.258701283323969
test
0:  annret:12.394,  sharpe:0.724
1:  annret:18.940,  sharpe:1.508
2:  annret:9.986,  sharpe:0.832
3:  annret:3.646,  sharpe:0.209
          0         1         2         3
0  1.000000  0.118223  0.323325 -0.614266
1  0.118223  1.000000  0.057113 -0.003500
2  0.323325  0.057113  1.000000 -0.164034
3 -0.614266 -0.003500 -0.164034  1.000000
------------------
Timestep 17000, Reward: 246.48038011500708, TD Loss: 21.63221433627155
test
0:  annret:14.223,  sharpe:1.128
1:  annret:-1.670,  sharpe:-0.093
2:  annret:14.598,  sharpe:1.131
3:  annret:1.745,  sharpe:0.102
          0         1         2         3
0  1.000000 -0.290322 -0.207973 -0.542581
1 -0.290322  1.000000  0.584795  0.754216
2 -0.207973  0.584795  1.000000  0.655946
3 -0.542581  0.754216  0.655946  1.000000
------------------
0:  annret:3.996,  sharpe:0.191
1:  annret:16.750,  sharpe:0.810
2:  annret:22.677,  sharpe:1.153
3:  annret:21.333,  sharpe:1.082
          0         1         2         3
0  1.000000  0.317302  0.507141  0.217346
1  0.317302  1.000000  0.392157  0.468136
2  0.507141  0.392157  1.000000  0.287627
3  0.217346  0.468136  0.287627  1.000000
Timestep 18000, Reward: 311.85009258440755, TD Loss: 12.217103288070728
test
0:  annret:3.201,  sharpe:0.202
1:  annret:-0.599,  sharpe:-0.038
2:  annret:12.976,  sharpe:0.903
3:  annret:-15.068,  sharpe:-0.932
          0         1         2         3
0  1.000000 -0.424739 -0.069882 -0.478251
1 -0.424739  1.000000  0.477926  0.477914
2 -0.069882  0.477926  1.000000  0.376162
3 -0.478251  0.477914  0.376162  1.000000
------------------
Timestep 19000, Reward: 311.85009258440755, TD Loss: 20.976681252398798
test
0:  annret:16.506,  sharpe:0.885
1:  annret:5.177,  sharpe:0.464
2:  annret:20.190,  sharpe:1.202
3:  annret:10.516,  sharpe:1.119
          0         1         2         3
0  1.000000  0.147672  0.865613 -0.108344
1  0.147672  1.000000  0.216630  0.505456
2  0.865613  0.216630  1.000000  0.121573
3 -0.108344  0.505456  0.121573  1.000000
------------------
0:  annret:5.925,  sharpe:0.259
1:  annret:0.998,  sharpe:0.048
2:  annret:25.888,  sharpe:1.265
3:  annret:9.937,  sharpe:0.494
          0         1         2         3
0  1.000000  0.183687  0.539471  0.362763
1  0.183687  1.000000  0.302554  0.496266
2  0.539471  0.302554  1.000000  0.437345
3  0.362763  0.496266  0.437345  1.000000
Timestep 20000, Reward: 244.15575595317398, TD Loss: 9.167681442176502
test
0:  annret:11.223,  sharpe:0.794
1:  annret:-4.818,  sharpe:-0.246
2:  annret:23.555,  sharpe:1.604
3:  annret:-7.858,  sharpe:-0.414
          0         1         2         3
0  1.000000 -0.290583  0.448314 -0.477117
1 -0.290583  1.000000 -0.268057  0.674817
2  0.448314 -0.268057  1.000000 -0.405118
3 -0.477117  0.674817 -0.405118  1.000000
------------------
Timestep 21000, Reward: 244.15575595317398, TD Loss: 53.54719016371437
test
0:  annret:12.882,  sharpe:0.773
1:  annret:2.243,  sharpe:0.182
2:  annret:3.705,  sharpe:0.313
3:  annret:5.885,  sharpe:0.424
          0         1         2         3
0  1.000000  0.144364  0.734704  0.759909
1  0.144364  1.000000  0.300409  0.236081
2  0.734704  0.300409  1.000000  0.842298
3  0.759909  0.236081  0.842298  1.000000
------------------
0:  annret:6.161,  sharpe:0.310
1:  annret:14.687,  sharpe:0.701
2:  annret:24.003,  sharpe:1.235
3:  annret:7.675,  sharpe:0.372
          0         1         2         3
0  1.000000  0.235723  0.374656  0.371912
1  0.235723  1.000000  0.479617  0.479508
2  0.374656  0.479617  1.000000  0.436270
3  0.371912  0.479508  0.436270  1.000000
Timestep 22000, Reward: 241.67515432663777, TD Loss: 11.484169991533573
test
0:  annret:3.929,  sharpe:0.320
1:  annret:3.334,  sharpe:0.194
2:  annret:9.351,  sharpe:0.673
3:  annret:5.239,  sharpe:0.332
          0         1         2         3
0  1.000000  0.353923  0.523357  0.349359
1  0.353923  1.000000  0.543610  0.661383
2  0.523357  0.543610  1.000000  0.523403
3  0.349359  0.661383  0.523403  1.000000
------------------
Timestep 23000, Reward: 241.67515432663777, TD Loss: 23.7939335128509
test
0:  annret:11.523,  sharpe:0.597
1:  annret:13.901,  sharpe:0.888
2:  annret:16.209,  sharpe:1.223
3:  annret:6.675,  sharpe:0.322
          0         1         2         3
0  1.000000  0.641736  0.474388  0.752770
1  0.641736  1.000000  0.451968  0.749506
2  0.474388  0.451968  1.000000  0.459694
3  0.752770  0.749506  0.459694  1.000000
------------------
0:  annret:6.129,  sharpe:0.308
1:  annret:21.212,  sharpe:0.975
2:  annret:17.235,  sharpe:0.908
3:  annret:14.243,  sharpe:0.691
          0         1         2         3
0  1.000000  0.257069  0.375803  0.283331
1  0.257069  1.000000  0.418077  0.522834
2  0.375803  0.418077  1.000000  0.406587
3  0.283331  0.522834  0.406587  1.000000
Timestep 24000, Reward: 273.81546951889527, TD Loss: 23.48747970362104
test
0:  annret:3.340,  sharpe:0.199
1:  annret:17.376,  sharpe:0.934
2:  annret:9.351,  sharpe:0.534
3:  annret:-4.018,  sharpe:-0.221
          0         1         2         3
0  1.000000  0.506788  0.535387  0.619773
1  0.506788  1.000000  0.421279  0.603648
2  0.535387  0.421279  1.000000  0.607719
3  0.619773  0.603648  0.607719  1.000000
------------------
Timestep 25000, Reward: 273.81546951889527, TD Loss: 5.433437638063015
test
0:  annret:7.324,  sharpe:0.615
1:  annret:21.375,  sharpe:1.211
2:  annret:25.623,  sharpe:1.914
3:  annret:-2.960,  sharpe:-0.225
          0         1         2         3
0  1.000000 -0.232364  0.165165 -0.285921
1 -0.232364  1.000000 -0.370343  0.265939
2  0.165165 -0.370343  1.000000 -0.235921
3 -0.285921  0.265939 -0.235921  1.000000
------------------
Timestep 26000, Reward: 273.81546951889527, TD Loss: 18.77934901891949
test
0:  annret:-0.155,  sharpe:-0.010
1:  annret:11.961,  sharpe:0.641
2:  annret:24.376,  sharpe:2.449
3:  annret:-2.804,  sharpe:-0.150
          0         1         2         3
0  1.000000  0.521235 -0.223940  0.564525
1  0.521235  1.000000 -0.122395  0.603691
2 -0.223940 -0.122395  1.000000 -0.196360
3  0.564525  0.603691 -0.196360  1.000000
------------------
0:  annret:0.478,  sharpe:0.023
1:  annret:16.784,  sharpe:0.774
2:  annret:19.714,  sharpe:0.990
3:  annret:11.063,  sharpe:0.527
          0         1         2         3
0  1.000000  0.433231  0.404782  0.408440
1  0.433231  1.000000  0.458699  0.493076
2  0.404782  0.458699  1.000000  0.465483
3  0.408440  0.493076  0.465483  1.000000
Timestep 27000, Reward: 285.3019328068899, TD Loss: 9.791289730551188
test
0:  annret:9.569,  sharpe:0.724
1:  annret:20.388,  sharpe:1.237
2:  annret:8.015,  sharpe:0.482
3:  annret:2.552,  sharpe:0.204
          0         1         2         3
0  1.000000  0.185488  0.008864  0.240925
1  0.185488  1.000000  0.304189  0.469031
2  0.008864  0.304189  1.000000  0.199706
3  0.240925  0.469031  0.199706  1.000000
------------------
Timestep 28000, Reward: 285.3019328068899, TD Loss: 14.09159070596636
test
0:  annret:1.782,  sharpe:0.145
1:  annret:8.323,  sharpe:0.509
2:  annret:11.648,  sharpe:0.756
3:  annret:9.969,  sharpe:0.623
          0         1         2         3
0  1.000000  0.346177  0.280079  0.300527
1  0.346177  1.000000  0.581422  0.629223
2  0.280079  0.581422  1.000000  0.610324
3  0.300527  0.629223  0.610324  1.000000
------------------
0:  annret:7.895,  sharpe:0.372
1:  annret:22.434,  sharpe:0.992
2:  annret:22.794,  sharpe:1.134
3:  annret:21.220,  sharpe:1.018
          0         1         2         3
0  1.000000  0.416932  0.465340  0.404658
1  0.416932  1.000000  0.426936  0.561729
2  0.465340  0.426936  1.000000  0.451091
3  0.404658  0.561729  0.451091  1.000000
Timestep 29000, Reward: 304.4107241610184, TD Loss: 3.5704356762899674
test
0:  annret:5.067,  sharpe:0.339
1:  annret:9.253,  sharpe:0.452
2:  annret:27.808,  sharpe:1.894
3:  annret:10.504,  sharpe:0.545
          0         1         2         3
0  1.000000  0.280675  0.051431  0.469638
1  0.280675  1.000000  0.091103  0.630635
2  0.051431  0.091103  1.000000  0.102206
3  0.469638  0.630635  0.102206  1.000000
------------------
Timestep 30000, Reward: 304.4107241610184, TD Loss: 9.783013773906811
test
0:  annret:11.300,  sharpe:0.876
1:  annret:3.696,  sharpe:0.247
2:  annret:18.075,  sharpe:1.713
3:  annret:6.692,  sharpe:0.525
          0         1         2         3
0  1.000000 -0.398915 -0.127128 -0.395552
1 -0.398915  1.000000  0.311380  0.676790
2 -0.127128  0.311380  1.000000  0.405520
3 -0.395552  0.676790  0.405520  1.000000
------------------
0:  annret:14.046,  sharpe:0.640
1:  annret:15.733,  sharpe:0.747
2:  annret:32.283,  sharpe:1.670
3:  annret:25.204,  sharpe:1.254
          0         1         2         3
0  1.000000  0.339957  0.336681  0.171847
1  0.339957  1.000000  0.383195  0.452204
2  0.336681  0.383195  1.000000  0.219739
3  0.171847  0.452204  0.219739  1.000000
Timestep 31000, Reward: 308.72463595842476, TD Loss: 7.285351556629683
test
0:  annret:7.117,  sharpe:0.459
1:  annret:2.766,  sharpe:0.246
2:  annret:14.113,  sharpe:1.030
3:  annret:6.728,  sharpe:0.492
          0         1         2         3
0  1.000000 -0.283750 -0.188942 -0.064497
1 -0.283750  1.000000  0.164415  0.259828
2 -0.188942  0.164415  1.000000  0.516286
3 -0.064497  0.259828  0.516286  1.000000
------------------
Timestep 32000, Reward: 308.72463595842476, TD Loss: 24.808906692357212
test
0:  annret:16.432,  sharpe:0.794
1:  annret:-4.103,  sharpe:-0.199
2:  annret:11.549,  sharpe:0.862
3:  annret:14.609,  sharpe:1.347
          0         1         2         3
0  1.000000 -0.817855  0.695913  0.509240
1 -0.817855  1.000000 -0.558622 -0.344863
2  0.695913 -0.558622  1.000000  0.709254
3  0.509240 -0.344863  0.709254  1.000000
------------------
0:  annret:17.382,  sharpe:0.839
1:  annret:21.703,  sharpe:0.972
2:  annret:32.484,  sharpe:1.590
3:  annret:20.617,  sharpe:1.033
          0         1         2         3
0  1.000000  0.199459  0.288957  0.310134
1  0.199459  1.000000  0.424552  0.443465
2  0.288957  0.424552  1.000000  0.356721
3  0.310134  0.443465  0.356721  1.000000
Timestep 33000, Reward: 326.55088116214506, TD Loss: 19.9133639315698
test
0:  annret:11.842,  sharpe:0.840
1:  annret:2.284,  sharpe:0.111
2:  annret:17.795,  sharpe:1.145
3:  annret:6.340,  sharpe:0.450
          0         1         2         3
0  1.000000 -0.514082  0.666914 -0.536042
1 -0.514082  1.000000 -0.681600  0.573925
2  0.666914 -0.681600  1.000000 -0.668113
3 -0.536042  0.573925 -0.668113  1.000000
------------------
Timestep 34000, Reward: 326.55088116214506, TD Loss: 72.4209497435378
test
0:  annret:8.954,  sharpe:0.524
1:  annret:-2.915,  sharpe:-0.261
2:  annret:-1.666,  sharpe:-0.156
3:  annret:-3.729,  sharpe:-0.283
          0         1         2         3
0  1.000000 -0.271793 -0.204861 -0.545273
1 -0.271793  1.000000  0.337306  0.331922
2 -0.204861  0.337306  1.000000  0.416855
3 -0.545273  0.331922  0.416855  1.000000
------------------
0:  annret:11.394,  sharpe:0.504
1:  annret:8.896,  sharpe:0.394
2:  annret:19.463,  sharpe:0.980
3:  annret:14.536,  sharpe:0.711
          0         1         2         3
0  1.000000  0.238514  0.389659  0.351896
1  0.238514  1.000000  0.260756  0.418530
2  0.389659  0.260756  1.000000  0.289518
3  0.351896  0.418530  0.289518  1.000000
Timestep 35000, Reward: 260.60020909189757, TD Loss: 15.696249182421244
test
0:  annret:7.706,  sharpe:0.654
1:  annret:8.952,  sharpe:0.423
2:  annret:18.964,  sharpe:1.126
3:  annret:-0.457,  sharpe:-0.041
          0         1         2         3
0  1.000000 -0.198786  0.175251  0.131165
1 -0.198786  1.000000 -0.605627  0.268723
2  0.175251 -0.605627  1.000000 -0.137345
3  0.131165  0.268723 -0.137345  1.000000
------------------
Timestep 36000, Reward: 260.60020909189757, TD Loss: 20.546903118359655
test
0:  annret:12.435,  sharpe:0.559
1:  annret:16.926,  sharpe:0.878
2:  annret:19.334,  sharpe:0.992
3:  annret:12.557,  sharpe:0.904
          0         1         2         3
0  1.000000 -0.530023  0.805729 -0.330350
1 -0.530023  1.000000 -0.573132  0.279987
2  0.805729 -0.573132  1.000000 -0.306438
3 -0.330350  0.279987 -0.306438  1.000000
------------------
0:  annret:10.285,  sharpe:0.478
1:  annret:10.536,  sharpe:0.478
2:  annret:23.449,  sharpe:1.152
3:  annret:22.355,  sharpe:1.156
          0         1         2         3
0  1.000000  0.301506  0.359086  0.147879
1  0.301506  1.000000  0.379772  0.465081
2  0.359086  0.379772  1.000000  0.263974
3  0.147879  0.465081  0.263974  1.000000
Timestep 37000, Reward: 291.8246104109127, TD Loss: 7.029531388472918
test
0:  annret:3.453,  sharpe:0.237
1:  annret:4.022,  sharpe:0.214
2:  annret:2.685,  sharpe:0.147
3:  annret:8.123,  sharpe:0.523
          0         1         2         3
0  1.000000 -0.457165 -0.470952 -0.445382
1 -0.457165  1.000000  0.609045  0.515870
2 -0.470952  0.609045  1.000000  0.634567
3 -0.445382  0.515870  0.634567  1.000000
------------------
Timestep 38000, Reward: 291.8246104109127, TD Loss: 14.882501750654873
test
0:  annret:0.056,  sharpe:0.005
1:  annret:1.896,  sharpe:0.086
2:  annret:17.619,  sharpe:0.851
3:  annret:8.502,  sharpe:0.815
          0         1         2         3
0  1.000000 -0.187161  0.118983 -0.040902
1 -0.187161  1.000000 -0.759964  0.383381
2  0.118983 -0.759964  1.000000 -0.472506
3 -0.040902  0.383381 -0.472506  1.000000
------------------
Timestep 39000, Reward: 291.8246104109127, TD Loss: 27.386819332267663
test
0:  annret:9.164,  sharpe:0.796
1:  annret:-2.871,  sharpe:-0.167
2:  annret:11.527,  sharpe:0.815
3:  annret:6.157,  sharpe:0.425
          0         1         2         3
0  1.000000 -0.058567 -0.042143 -0.115464
1 -0.058567  1.000000  0.542375  0.595840
2 -0.042143  0.542375  1.000000  0.545568
3 -0.115464  0.595840  0.545568  1.000000
------------------
0:  annret:16.249,  sharpe:0.790
1:  annret:13.164,  sharpe:0.621
2:  annret:20.923,  sharpe:1.081
3:  annret:23.588,  sharpe:1.137
          0         1         2         3
0  1.000000  0.360538  0.225137  0.262738
1  0.360538  1.000000  0.373216  0.527582
2  0.225137  0.373216  1.000000  0.388790
3  0.262738  0.527582  0.388790  1.000000
Timestep 40000, Reward: 306.82212485025264, TD Loss: 17.9572033313602
test
0:  annret:4.639,  sharpe:0.318
1:  annret:0.430,  sharpe:0.030
2:  annret:9.625,  sharpe:0.971
3:  annret:7.187,  sharpe:0.407
          0         1         2         3
0  1.000000  0.532889 -0.020780  0.567291
1  0.532889  1.000000  0.058552  0.621553
2 -0.020780  0.058552  1.000000 -0.080544
3  0.567291  0.621553 -0.080544  1.000000
------------------
Timestep 41000, Reward: 306.82212485025264, TD Loss: 10.39973843315854
test
0:  annret:1.922,  sharpe:0.180
1:  annret:-5.569,  sharpe:-0.331
2:  annret:7.418,  sharpe:0.549
3:  annret:8.737,  sharpe:0.818
          0         1         2         3
0  1.000000  0.286449  0.177044  0.461095
1  0.286449  1.000000  0.328759  0.223143
2  0.177044  0.328759  1.000000  0.375172
3  0.461095  0.223143  0.375172  1.000000
------------------
0:  annret:13.057,  sharpe:0.590
1:  annret:12.354,  sharpe:0.563
2:  annret:24.133,  sharpe:1.249
3:  annret:24.099,  sharpe:1.128
          0         1         2         3
0  1.000000  0.446504  0.563894  0.401731
1  0.446504  1.000000  0.387440  0.482352
2  0.563894  0.387440  1.000000  0.358656
3  0.401731  0.482352  0.358656  1.000000
Timestep 42000, Reward: 302.0553962054596, TD Loss: 7.3945907716102575
test
0:  annret:1.629,  sharpe:0.119
1:  annret:4.120,  sharpe:0.198
2:  annret:7.898,  sharpe:0.449
3:  annret:0.104,  sharpe:0.006
          0         1         2         3
0  1.000000  0.541944  0.518599  0.536359
1  0.541944  1.000000  0.595527  0.642518
2  0.518599  0.595527  1.000000  0.618356
3  0.536359  0.642518  0.618356  1.000000
------------------
Timestep 43000, Reward: 302.0553962054596, TD Loss: 16.999973669787448
test
0:  annret:15.500,  sharpe:0.782
1:  annret:2.482,  sharpe:0.184
2:  annret:-2.638,  sharpe:-0.163
3:  annret:9.801,  sharpe:0.843
          0         1         2         3
0  1.000000 -0.445905 -0.705002 -0.511069
1 -0.445905  1.000000  0.455960  0.527233
2 -0.705002  0.455960  1.000000  0.560543
3 -0.511069  0.527233  0.560543  1.000000
------------------
0:  annret:5.905,  sharpe:0.260
1:  annret:18.750,  sharpe:0.881
2:  annret:21.191,  sharpe:1.137
3:  annret:18.860,  sharpe:0.961
          0         1         2         3
0  1.000000  0.420847  0.222302  0.379489
1  0.420847  1.000000  0.377835  0.425430
2  0.222302  0.377835  1.000000  0.307461
3  0.379489  0.425430  0.307461  1.000000
Timestep 44000, Reward: 295.7038754104667, TD Loss: 6.645943616486183
test
0:  annret:14.195,  sharpe:0.833
1:  annret:6.516,  sharpe:0.433
2:  annret:-0.565,  sharpe:-0.030
3:  annret:11.558,  sharpe:0.584
          0         1         2         3
0  1.000000 -0.459886 -0.440672 -0.647337
1 -0.459886  1.000000  0.523349  0.572603
2 -0.440672  0.523349  1.000000  0.780914
3 -0.647337  0.572603  0.780914  1.000000
------------------
Timestep 45000, Reward: 295.7038754104667, TD Loss: 32.23098640956481
test
0:  annret:-8.806,  sharpe:-0.625
