/home/zpgong/RL/MARL_Fin/main.py
#!/usr/bin/env python3
import argparse
import logging
import math
import os
import random
from copy import deepcopy
from pathlib import Path

import numpy as np
import torch
import torch.optim as optim

from env import StockEnv
from helpers import ReplayBuffer
from models import DQN

USE_CUDA = torch.cuda.is_available()
if USE_CUDA:
    print("Using GPU: GPU requested and available.")
    # dtype = torch.cuda.FloatTensor
    # dtypelong = torch.cuda.LongTensor
    device = torch.device("cuda")
else:
    print("NOT Using GPU: GPU not requested or not available.")
    # dtype = torch.FloatTensor
    # dtypelong = torch.LongTensor
    device = torch.device("cpu")


def get_logger(logpath,
               filepath,
               package_files=[],
               displaying=False,
               saving=True,
               debug=False):
    logger = logging.getLogger()
    if debug:
        level = logging.DEBUG
    else:
        level = logging.INFO
    logger.setLevel(level)
    if saving:
        info_file_handler = logging.FileHandler(logpath, mode="a")
        info_file_handler.setLevel(level)
        logger.addHandler(info_file_handler)
    if displaying:
        console_handler = logging.StreamHandler()
        console_handler.setLevel(level)
        logger.addHandler(console_handler)
    logger.info(filepath)
    with open(filepath, "r") as f:
        logger.info(f.read())

    for f in package_files:
        logger.info(f)
        with open(f, "r") as package_f:
            logger.info(package_f.read())

    return logger


class Agent:
    def __init__(self, q_network, target_q_network, lr):
        self.q_network = q_network
        self.target_q_network = target_q_network
        self.num_actions = 3
        self.optimizer = optim.Adam(self.q_network.parameters(), lr=lr)

    def act(self, state, epsilon):
        """DQN action - max q-value w/ epsilon greedy exploration."""
        state = torch.tensor(np.float32(state)).to(device)
        if random.random() > epsilon:
            q_value = self.q_network.forward(state)
            return q_value.max(1)[1].data
        return torch.randint(low=0, high=3,
                             size=(state.shape[0], 1)).squeeze(1)

    def save(self, agent_id, save_dir):
        save_f = Path(f'{save_dir}/model/agent_{agent_id}.pth')
        save_f.parent.mkdir(parents=True, exist_ok=True)
        torch.save(self.q_network.state_dict(), save_f)
        # print("Model has been saved...")

    def load(self, agent_id, save_dir):
        self.q_network = torch.load_state_dict(
            torch.load(f'{save_dir}/model/agent_{agent_id}.pth'))
        self.target_q_network = deepcopy(self.q_network)
        # print("Model has been loaded...")


def corrcoef(x, y):
    vx = x - torch.mean(x)
    vy = y - torch.mean(y)
    corr = torch.sum(vx * vy) / (torch.sqrt(torch.sum(vx**2)) *
                                 torch.sqrt(torch.sum(vy**2)))
    return corr


def compute_local_loss(agent, batch_size, replay_buffer, gamma):
    state, action, reward, next_state, done = replay_buffer.sample(batch_size)
    state = torch.tensor(np.float32(state)).to(device)
    next_state = torch.tensor(np.float32(next_state)).to(device)
    action = torch.tensor(action).to(device)
    reward = torch.tensor(reward).to(device)
    done = torch.tensor(np.float32(done)).to(device)
    # Normal DDQN update
    q_values = agent.q_network(state)
    q_value = q_values.gather(1, action.unsqueeze(1)).squeeze(1)
    # double q-learning
    online_next_q_values = agent.q_network(next_state)
    _, max_indices = torch.max(online_next_q_values, dim=1)
    target_q_values = agent.target_q_network(next_state)
    next_q_value = torch.gather(target_q_values, 1, max_indices.unsqueeze(1))
    expected_q_value = reward + gamma * next_q_value.squeeze(1) * (1 - done)
    loss = (q_value - expected_q_value.data).pow(2).mean()
    agent.optimizer.zero_grad()
    loss.backward()
    agent.optimizer.step()
    return loss


def compute_global_loss(agent_ls, batch_size, replay_buffer, global_optimizer,
                        global_loss_scale):
    state, action, reward, next_state, done = replay_buffer.sample(batch_size)
    state = torch.tensor(np.float32(state)).to(device)
    q_values = [agent.q_network(state) for agent in agent_ls]
    eta_values = [q_value[:, -1] - q_value[:, 0] for q_value in q_values]

    q_target_values = [agent.target_q_network(state) for agent in agent_ls]
    eta_target_values = [
        q_target_value[:, -1] - q_target_value[:, 0]
        for q_target_value in q_target_values
    ]

    corrcoef_ls = [
        corrcoef(eta_values[i], eta_target_values[j])**2
        for i in range(len(eta_values)) for j in range(len(eta_target_values))
        if i != j
    ]

    global_loss = torch.tensor(0.0).to(device)
    for corr in corrcoef_ls:
        global_loss += corr
    global_loss *= global_loss_scale

    global_optimizer.zero_grad()
    global_loss.backward()
    global_optimizer.step()

    return global_loss


def get_epsilon(epsilon_start, epsilon_final, epsilon_decay, frame_idx):
    return epsilon_final + (epsilon_start - epsilon_final) * math.exp(
        -1.0 * frame_idx / epsilon_decay)


def soft_update(q_network, target_q_network, tau):
    for t_param, param in zip(target_q_network.parameters(),
                              q_network.parameters()):
        if t_param is param:
            continue
        new_param = tau * param.data + (1.0 - tau) * t_param.data
        t_param.data.copy_(new_param)


def hard_update(q_network, target_q_network):
    for t_param, param in zip(target_q_network.parameters(),
                              q_network.parameters()):
        if t_param is param:
            continue
        new_param = param.data
        t_param.data.copy_(new_param)


def test_agent(test_env, agent_ls, logger):
    state = test_env.reset()

    while True:
        for idx, agent in enumerate(agent_ls):
            action = agent.act(state, epsilon=0)
            _, _, done, _ = test_env.predict(action.cpu().numpy(),
                                             agent_id=idx)
        if done.all():
            logger.info('test')
            test_env.stats()
            break
        state = test_env.step()


def test_portfolio(train_env, test_env, agent_ls, logger):
    for env in [train_env, test_env]:
        state = env.reset()
        while True:
            for idx, agent in enumerate(agent_ls):
                action = agent.act(state, epsilon=0)
                _, _, done, _ = env.predict(action.cpu().numpy(), agent_id=idx)

            with torch.no_grad():
                q_values = [
                    agent.q_network(
                        torch.as_tensor(state,
                                        device=device,
                                        dtype=torch.float32))
                    for agent in agent_ls
                ]
                eta_values = [
                    q_value[:, -1] - q_value[:, 0] for q_value in q_values
                ]
                eta_values = [
                    eta_value / eta_value.abs().sum()
                    for eta_value in eta_values
                ]

                portfolio = torch.row_stack(eta_values).mean(axis=0)
                portfolio /= portfolio.abs().sum()
                portfolio += 1

                _, _, done, _ = env.predict(portfolio.cpu().numpy(),
                                            agent_id='portfolio')

            if done.all():
                logger.info(env.name)
                env.stats()
                break

            state = env.step()


def make_agent(params, hidden_dims=-1):
    if hidden_dims == -1:
        hidden_dims = params.hidden_dims
    q_network = DQN(num_days=params.ts_window, hidden_dims=hidden_dims)
    target_q_network = deepcopy(q_network)

    if USE_CUDA:
        q_network = q_network.to(device)
        target_q_network = target_q_network.to(device)

    agent = Agent(q_network, target_q_network, lr=params.learning_rate)

    return agent


def run_gym(params):
    logpath = Path(os.path.join(params.save_dir, 'logs'))
    logpath.parent.mkdir(parents=True, exist_ok=True)

    logger = get_logger(logpath=logpath, filepath=os.path.abspath(__file__))
    logger.info(params)

    env = StockEnv(ts_window=params.ts_window,
                   start_date='20100101',
                   end_date='20190101',
                   logger=logger,
                   agent_num=params.agent_num,
                   ic_coef=params.ic_scale,
                   name='train')

    train_env = deepcopy(env)
    test_env = StockEnv(ts_window=params.ts_window,
                        start_date='20190102',
                        end_date='20210603',
                        logger=logger,
                        agent_num=params.agent_num,
                        ic_coef=params.ic_scale,
                        name='test')

    agent_ls = [
        make_agent(params, hidden_dims=(2**(6 + i), 2**(6 + i)))
        for i in range(params.agent_num)
    ]

    global_optimizer = optim.Adam([{
        'params': agent.q_network.parameters()
    } for agent in agent_ls],
                                  lr=params.learning_rate)

    replay_buffer = ReplayBuffer(params.replay_size)

    losses, all_rewards = [], []
    episode_reward = 0

    state = env.reset()
    # state shape: [num_stocks, ts_window]

    for ts in range(1, params.max_ts + 1):

        epsilon = get_epsilon(params.epsilon_start, params.epsilon_end,
                              params.epsilon_decay, ts)

        for idx, agent in enumerate(agent_ls):
            action = agent.act(state, epsilon)
            next_state, reward, done, _ = env.predict(action.cpu().numpy(),
                                                      agent_id=idx)
            reward *= params.reward_scale
            replay_buffer.push_batch(state, action, reward, next_state, done)
            episode_reward += reward.mean()

        if done.all():
            env.stats()
            state = env.reset()
            all_rewards.append(episode_reward / params.agent_num)
            episode_reward = 0

        state = env.step()

        if len(replay_buffer
               ) > params.start_train_ts and ts % params.update_every == 0:
            # Update the q-network & the target network
            for _ in range(params.gradient_step):
                all_loss = 0
                for agent in agent_ls:
                    loss = compute_local_loss(agent, params.batch_size,
                                              replay_buffer, params.gamma)
                    all_loss += loss.data

                global_loss = compute_global_loss(agent_ls, params.batch_size,
                                                  replay_buffer,
                                                  global_optimizer,
                                                  params.global_loss_scale)
                all_loss += global_loss.data
                losses.append(all_loss)

            if ts % params.target_network_update_f == 0:
                for agent in agent_ls:
                    hard_update(agent.q_network, agent.target_q_network)

        if ts % params.log_every == 0:
            out_str = "Timestep {}".format(ts)
            if len(all_rewards) > 0:
                out_str += ", Reward: {}".format(all_rewards[-1])
            if len(losses) > 0:
                out_str += ", TD Loss: {}".format(losses[-1])
            logger.info(out_str)
            [
                agent.save(agent_id=i, save_dir=params.save_dir)
                for i, agent in enumerate(agent_ls)
            ]

            test_agent(test_env, agent_ls, logger)

            if ts > 50000:
                test_portfolio(train_env, test_env, agent_ls, logger)

            logger.info('------------------')


if __name__ == "__main__":
    parser = argparse.ArgumentParser()
    parser.add_argument("--learning_rate", type=float, default=1e-4)
    parser.add_argument("--target_update_rate", type=float, default=0.1)
    parser.add_argument("--replay_size", type=int, default=100000)
    parser.add_argument("--start_train_ts", type=int, default=100)
    parser.add_argument("--epsilon_start", type=float, default=1.0)
    parser.add_argument("--epsilon_end", type=float, default=0.1)
    parser.add_argument("--epsilon_decay", type=int, default=1000)
    parser.add_argument("--max_ts", type=int, default=1000000)
    parser.add_argument("--batch_size", type=int, default=32)
    parser.add_argument("--gamma", type=float, default=0.9)
    parser.add_argument("--log_every", type=int, default=1000)
    parser.add_argument("--target_network_update_f", type=int, default=1000)
    parser.add_argument("--save_dir", type=str, default='experiments/v1')

    parser.add_argument("--ts_window", type=int, default=10)
    parser.add_argument("--reward_scale", type=float, default=1.0)
    parser.add_argument("--update_every", type=int, default=1)
    parser.add_argument("--gradient_step", type=int, default=1)
    parser.add_argument("--hidden_dims", type=tuple, default=(256, 256))
    parser.add_argument("--agent_num", type=int, default=4)
    parser.add_argument("--ic_scale", type=float, default=10.0)
    parser.add_argument("--global_loss_scale", type=float, default=1)

    run_gym(parser.parse_args())

Namespace(agent_num=4, batch_size=32, epsilon_decay=1000, epsilon_end=0.1, epsilon_start=1.0, gamma=0.9, global_loss_scale=1, gradient_step=1, hidden_dims=(256, 256), ic_scale=10.0, learning_rate=0.0001, log_every=1000, max_ts=1000000, replay_size=100000, reward_scale=1.0, save_dir='experiments/v1_60d_10', start_train_ts=100, target_network_update_f=1000, target_update_rate=0.1, ts_window=60, update_every=1)
init env:firstday:20100407 tradedays:2186,tickers:3599
init env:firstday:20190102 tradedays:647,tickers:4400
Timestep 1000, TD Loss: 14.407111317711465
test
0:  annret:-7.133,  sharpe:-0.538
1:  annret:12.978,  sharpe:1.060
2:  annret:5.678,  sharpe:0.453
3:  annret:-1.588,  sharpe:-0.096
          0         1         2         3
0  1.000000  0.401800 -0.058904  0.655163
1  0.401800  1.000000  0.407389  0.405847
2 -0.058904  0.407389  1.000000  0.017430
3  0.655163  0.405847  0.017430  1.000000
------------------
Timestep 2000, TD Loss: 24.837242177306635
test
0:  annret:-4.448,  sharpe:-0.343
1:  annret:-4.474,  sharpe:-0.303
2:  annret:-9.744,  sharpe:-0.549
3:  annret:8.146,  sharpe:0.584
          0         1         2         3
0  1.000000 -0.053160 -0.267035  0.020547
1 -0.053160  1.000000  0.582617  0.542052
2 -0.267035  0.582617  1.000000  0.335578
3  0.020547  0.542052  0.335578  1.000000
------------------
0:  annret:5.633,  sharpe:0.363
1:  annret:1.643,  sharpe:0.097
2:  annret:10.705,  sharpe:0.609
3:  annret:1.893,  sharpe:0.111
          0         1         2         3
0  1.000000  0.353761  0.321265  0.428874
1  0.353761  1.000000  0.439387  0.332918
2  0.321265  0.439387  1.000000  0.426134
3  0.428874  0.332918  0.426134  1.000000
Timestep 3000, Reward: 58.8944207192046, TD Loss: 29.43286101050927
test
0:  annret:-4.056,  sharpe:-0.312
1:  annret:5.873,  sharpe:0.556
2:  annret:5.334,  sharpe:0.324
3:  annret:19.926,  sharpe:1.262
          0         1         2         3
0  1.000000  0.039936  0.529054  0.450205
1  0.039936  1.000000  0.219086  0.280155
2  0.529054  0.219086  1.000000  0.714750
3  0.450205  0.280155  0.714750  1.000000
------------------
Timestep 4000, Reward: 58.8944207192046, TD Loss: 17.235308599639673
test
0:  annret:-4.061,  sharpe:-0.308
1:  annret:3.121,  sharpe:0.235
2:  annret:-5.984,  sharpe:-0.318
3:  annret:23.787,  sharpe:1.744
          0         1         2         3
0  1.000000  0.218978 -0.356109  0.121886
1  0.218978  1.000000 -0.030740  0.202396
2 -0.356109 -0.030740  1.000000  0.214456
3  0.121886  0.202396  0.214456  1.000000
------------------
0:  annret:16.095,  sharpe:0.874
1:  annret:13.323,  sharpe:0.692
2:  annret:17.167,  sharpe:0.782
3:  annret:25.320,  sharpe:1.203
          0         1         2         3
0  1.000000  0.433934  0.353535  0.431430
1  0.433934  1.000000  0.360793  0.454676
2  0.353535  0.360793  1.000000  0.491723
3  0.431430  0.454676  0.491723  1.000000
Timestep 5000, Reward: 229.06430632930028, TD Loss: 22.482107190394782
test
0:  annret:-5.032,  sharpe:-0.368
1:  annret:-2.870,  sharpe:-0.216
2:  annret:6.167,  sharpe:0.440
3:  annret:24.266,  sharpe:1.681
          0         1         2         3
0  1.000000 -0.434320  0.276244 -0.013288
1 -0.434320  1.000000 -0.341842  0.133095
2  0.276244 -0.341842  1.000000 -0.142812
3 -0.013288  0.133095 -0.142812  1.000000
------------------
Timestep 6000, Reward: 229.06430632930028, TD Loss: 37.27017350966959
test
0:  annret:-5.596,  sharpe:-0.472
1:  annret:-4.930,  sharpe:-0.383
2:  annret:6.629,  sharpe:0.456
3:  annret:21.715,  sharpe:1.344
          0         1         2         3
0  1.000000 -0.158368  0.150308 -0.205991
1 -0.158368  1.000000  0.384504  0.283323
2  0.150308  0.384504  1.000000  0.263420
3 -0.205991  0.283323  0.263420  1.000000
------------------
0:  annret:19.142,  sharpe:0.975
1:  annret:18.885,  sharpe:0.991
2:  annret:27.545,  sharpe:1.310
3:  annret:31.742,  sharpe:1.522
          0         1         2         3
0  1.000000  0.464849  0.516672  0.380090
1  0.464849  1.000000  0.425164  0.366152
2  0.516672  0.425164  1.000000  0.520631
3  0.380090  0.366152  0.520631  1.000000
Timestep 7000, Reward: 291.4679404232943, TD Loss: 9.23650476513805
test
0:  annret:-5.270,  sharpe:-0.479
1:  annret:-3.602,  sharpe:-0.294
2:  annret:1.765,  sharpe:0.140
3:  annret:12.265,  sharpe:0.804
          0         1         2         3
0  1.000000 -0.021124  0.016872 -0.069218
1 -0.021124  1.000000  0.078372  0.197744
2  0.016872  0.078372  1.000000  0.178854
3 -0.069218  0.197744  0.178854  1.000000
------------------
Timestep 8000, Reward: 291.4679404232943, TD Loss: 27.903560671377488
test
0:  annret:-1.085,  sharpe:-0.077
1:  annret:7.722,  sharpe:0.647
2:  annret:12.823,  sharpe:0.974
3:  annret:25.788,  sharpe:1.802
          0         1         2         3
0  1.000000 -0.009802  0.236732  0.445182
1 -0.009802  1.000000  0.357049  0.227705
2  0.236732  0.357049  1.000000  0.344851
3  0.445182  0.227705  0.344851  1.000000
------------------
0:  annret:24.884,  sharpe:1.266
1:  annret:26.641,  sharpe:1.322
2:  annret:32.406,  sharpe:1.610
3:  annret:34.081,  sharpe:1.695
          0         1         2         3
0  1.000000  0.505341  0.392130  0.379381
1  0.505341  1.000000  0.406449  0.434861
2  0.392130  0.406449  1.000000  0.370731
3  0.379381  0.434861  0.370731  1.000000
Timestep 9000, Reward: 374.2550979073107, TD Loss: 16.35204909506285
test
0:  annret:-13.102,  sharpe:-1.081
1:  annret:-2.587,  sharpe:-0.191
2:  annret:19.622,  sharpe:1.610
3:  annret:13.001,  sharpe:1.073
          0         1         2         3
0  1.000000  0.227596  0.033874 -0.040547
1  0.227596  1.000000 -0.139578 -0.107633
2  0.033874 -0.139578  1.000000  0.218337
3 -0.040547 -0.107633  0.218337  1.000000
------------------
Timestep 10000, Reward: 374.2550979073107, TD Loss: 38.986356618507486
test
0:  annret:-3.684,  sharpe:-0.265
1:  annret:1.208,  sharpe:0.109
2:  annret:5.448,  sharpe:0.389
3:  annret:21.684,  sharpe:1.848
          0         1         2         3
0  1.000000 -0.241886 -0.376125 -0.246323
1 -0.241886  1.000000  0.337512  0.320240
2 -0.376125  0.337512  1.000000  0.528557
3 -0.246323  0.320240  0.528557  1.000000
------------------
0:  annret:21.571,  sharpe:1.146
1:  annret:33.761,  sharpe:1.686
2:  annret:35.512,  sharpe:1.775
3:  annret:46.543,  sharpe:2.297
          0         1         2         3
0  1.000000  0.464803  0.401255  0.332716
1  0.464803  1.000000  0.421441  0.494553
2  0.401255  0.421441  1.000000  0.406795
3  0.332716  0.494553  0.406795  1.000000
Timestep 11000, Reward: 430.38672495655567, TD Loss: 26.65835252445061
test
0:  annret:-15.849,  sharpe:-1.293
1:  annret:-5.336,  sharpe:-0.393
2:  annret:5.457,  sharpe:0.397
3:  annret:11.884,  sharpe:0.805
          0         1         2         3
0  1.000000 -0.167416 -0.236161 -0.157840
1 -0.167416  1.000000  0.341069  0.453477
2 -0.236161  0.341069  1.000000  0.497065
3 -0.157840  0.453477  0.497065  1.000000
------------------
Timestep 12000, Reward: 430.38672495655567, TD Loss: 49.18220889576351
test
0:  annret:-14.093,  sharpe:-1.203
1:  annret:6.458,  sharpe:0.425
2:  annret:13.781,  sharpe:0.745
3:  annret:17.119,  sharpe:0.881
          0         1         2         3
0  1.000000  0.238595  0.268881  0.242981
1  0.238595  1.000000  0.709972  0.757054
2  0.268881  0.709972  1.000000  0.868283
3  0.242981  0.757054  0.868283  1.000000
------------------
0:  annret:28.390,  sharpe:1.591
1:  annret:36.742,  sharpe:1.923
2:  annret:45.165,  sharpe:2.193
3:  annret:41.978,  sharpe:2.126
          0         1         2         3
0  1.000000  0.425041  0.415941  0.300115
1  0.425041  1.000000  0.456784  0.447561
2  0.415941  0.456784  1.000000  0.481793
3  0.300115  0.447561  0.481793  1.000000
Timestep 13000, Reward: 458.8040556668504, TD Loss: 18.342701167323966
test
0:  annret:-2.155,  sharpe:-0.174
1:  annret:-0.513,  sharpe:-0.047
2:  annret:15.185,  sharpe:1.370
3:  annret:17.706,  sharpe:1.574
          0         1         2         3
0  1.000000 -0.211530 -0.121347  0.362633
1 -0.211530  1.000000  0.078241  0.037170
2 -0.121347  0.078241  1.000000  0.185142
3  0.362633  0.037170  0.185142  1.000000
------------------
Timestep 14000, Reward: 458.8040556668504, TD Loss: 76.91250201167578
test
0:  annret:14.494,  sharpe:0.632
1:  annret:13.944,  sharpe:0.591
2:  annret:17.281,  sharpe:0.680
3:  annret:17.735,  sharpe:0.700
          0         1         2         3
0  1.000000  0.973149  0.980541  0.979559
1  0.973149  1.000000  0.993118  0.993702
2  0.980541  0.993118  1.000000  0.998701
3  0.979559  0.993702  0.998701  1.000000
------------------
0:  annret:25.581,  sharpe:1.435
1:  annret:41.894,  sharpe:2.224
2:  annret:43.767,  sharpe:2.150
3:  annret:49.648,  sharpe:2.440
          0         1         2         3
0  1.000000  0.486657  0.363460  0.284383
1  0.486657  1.000000  0.536548  0.533517
2  0.363460  0.536548  1.000000  0.511015
3  0.284383  0.533517  0.511015  1.000000
Timestep 15000, Reward: 512.7983897097829, TD Loss: 30.33817981233436
test
0:  annret:-8.215,  sharpe:-0.757
1:  annret:0.451,  sharpe:0.039
2:  annret:11.629,  sharpe:1.135
3:  annret:15.356,  sharpe:1.212
          0         1         2         3
0  1.000000 -0.020124  0.077325  0.092716
1 -0.020124  1.000000  0.163075  0.072222
2  0.077325  0.163075  1.000000  0.179305
3  0.092716  0.072222  0.179305  1.000000
------------------
Timestep 16000, Reward: 512.7983897097829, TD Loss: 25.312423968227513
test
0:  annret:-3.705,  sharpe:-0.304
1:  annret:-3.223,  sharpe:-0.341
2:  annret:17.378,  sharpe:0.776
3:  annret:7.969,  sharpe:0.622
          0         1         2         3
0  1.000000  0.169639  0.622579  0.333088
1  0.169639  1.000000  0.212031  0.153007
2  0.622579  0.212031  1.000000  0.500285
3  0.333088  0.153007  0.500285  1.000000
------------------
0:  annret:32.777,  sharpe:1.881
1:  annret:43.029,  sharpe:2.275
2:  annret:50.579,  sharpe:2.564
3:  annret:55.413,  sharpe:2.873
          0         1         2         3
0  1.000000  0.480917  0.404466  0.387962
1  0.480917  1.000000  0.501870  0.534420
2  0.404466  0.501870  1.000000  0.495646
3  0.387962  0.534420  0.495646  1.000000
Timestep 17000, Reward: 548.7076848026985, TD Loss: 23.093428863831956
test
0:  annret:-9.399,  sharpe:-0.821
1:  annret:-9.887,  sharpe:-0.756
2:  annret:-6.146,  sharpe:-0.341
3:  annret:-0.255,  sharpe:-0.018
          0         1         2         3
0  1.000000  0.158339  0.170186  0.221645
1  0.158339  1.000000  0.625360  0.538591
2  0.170186  0.625360  1.000000  0.592614
3  0.221645  0.538591  0.592614  1.000000
------------------
Timestep 18000, Reward: 548.7076848026985, TD Loss: 14.259464622319467
test
0:  annret:2.185,  sharpe:0.187
1:  annret:1.076,  sharpe:0.104
2:  annret:5.495,  sharpe:0.556
3:  annret:1.698,  sharpe:0.145
          0         1         2         3
0  1.000000  0.375061 -0.016661  0.039275
1  0.375061  1.000000  0.032196  0.189013
2 -0.016661  0.032196  1.000000 -0.023176
3  0.039275  0.189013 -0.023176  1.000000
------------------
Timestep 19000, Reward: 548.7076848026985, TD Loss: 56.16901133178876
test
0:  annret:-2.919,  sharpe:-0.271
1:  annret:-8.892,  sharpe:-0.652
2:  annret:4.886,  sharpe:0.380
3:  annret:7.177,  sharpe:0.505
          0         1         2         3
0  1.000000 -0.202369 -0.231712 -0.200567
1 -0.202369  1.000000  0.523254  0.455222
2 -0.231712  0.523254  1.000000  0.536141
3 -0.200567  0.455222  0.536141  1.000000
------------------
0:  annret:32.698,  sharpe:1.968
1:  annret:41.182,  sharpe:2.197
2:  annret:44.744,  sharpe:2.262
3:  annret:49.669,  sharpe:2.618
          0         1         2         3
0  1.000000  0.409581  0.293575  0.251437
1  0.409581  1.000000  0.401084  0.466932
2  0.293575  0.401084  1.000000  0.423837
3  0.251437  0.466932  0.423837  1.000000
Timestep 20000, Reward: 510.21838034105406, TD Loss: 37.7415603284533
test
0:  annret:4.091,  sharpe:0.330
1:  annret:3.710,  sharpe:0.358
2:  annret:8.906,  sharpe:0.687
3:  annret:8.450,  sharpe:0.685
          0         1         2         3
0  1.000000  0.469482  0.549031 -0.167511
1  0.469482  1.000000  0.489801 -0.134397
2  0.549031  0.489801  1.000000 -0.378580
3 -0.167511 -0.134397 -0.378580  1.000000
------------------
Timestep 21000, Reward: 510.21838034105406, TD Loss: 15.377996073862688
test
0:  annret:-14.761,  sharpe:-1.244
1:  annret:-12.168,  sharpe:-1.008
2:  annret:-2.906,  sharpe:-0.204
3:  annret:-8.709,  sharpe:-0.387
          0         1         2         3
0  1.000000  0.420133  0.349588  0.505175
1  0.420133  1.000000  0.472957  0.576005
2  0.349588  0.472957  1.000000  0.726790
3  0.505175  0.576005  0.726790  1.000000
------------------
0:  annret:35.369,  sharpe:2.078
1:  annret:40.109,  sharpe:2.079
2:  annret:46.162,  sharpe:2.355
3:  annret:56.917,  sharpe:2.986
          0         1         2         3
0  1.000000  0.493226  0.455814  0.368029
1  0.493226  1.000000  0.418113  0.396303
2  0.455814  0.418113  1.000000  0.454997
3  0.368029  0.396303  0.454997  1.000000
Timestep 22000, Reward: 520.5290458779496, TD Loss: 33.28840341001818
test
0:  annret:-0.746,  sharpe:-0.069
1:  annret:-8.013,  sharpe:-0.630
2:  annret:-8.111,  sharpe:-0.464
3:  annret:9.292,  sharpe:0.808
          0         1         2         3
0  1.000000 -0.409488 -0.451845 -0.091759
1 -0.409488  1.000000  0.749638  0.323780
2 -0.451845  0.749638  1.000000  0.252354
3 -0.091759  0.323780  0.252354  1.000000
------------------
Timestep 23000, Reward: 520.5290458779496, TD Loss: 21.378012346593874
test
0:  annret:-10.671,  sharpe:-0.936
1:  annret:-10.044,  sharpe:-0.891
2:  annret:-12.060,  sharpe:-0.661
3:  annret:10.934,  sharpe:0.820
          0         1         2         3
0  1.000000  0.222093  0.440437  0.335473
1  0.222093  1.000000  0.499797  0.274093
2  0.440437  0.499797  1.000000  0.646024
3  0.335473  0.274093  0.646024  1.000000
------------------
0:  annret:32.269,  sharpe:1.844
1:  annret:41.672,  sharpe:2.101
2:  annret:43.196,  sharpe:2.173
3:  annret:59.973,  sharpe:3.167
          0         1         2        3
0  1.000000  0.291889  0.336054  0.31045
1  0.291889  1.000000  0.515020  0.45713
2  0.336054  0.515020  1.000000  0.43262
3  0.310450  0.457130  0.432620  1.00000
Timestep 24000, Reward: 511.5880732833199, TD Loss: 17.144242896515753
test
0:  annret:-5.900,  sharpe:-0.570
1:  annret:-8.248,  sharpe:-0.633
2:  annret:-11.747,  sharpe:-0.767
3:  annret:10.247,  sharpe:0.753
          0         1         2         3
0  1.000000 -0.168551 -0.302117 -0.195507
1 -0.168551  1.000000  0.650710  0.589219
2 -0.302117  0.650710  1.000000  0.543072
3 -0.195507  0.589219  0.543072  1.000000
------------------
Timestep 25000, Reward: 511.5880732833199, TD Loss: 24.339803930191238
test
0:  annret:-7.788,  sharpe:-0.840
1:  annret:-1.168,  sharpe:-0.111
2:  annret:4.457,  sharpe:0.364
3:  annret:12.995,  sharpe:1.221
          0         1         2         3
0  1.000000  0.081520 -0.130862  0.015696
1  0.081520  1.000000  0.290928  0.011644
2 -0.130862  0.290928  1.000000  0.042520
3  0.015696  0.011644  0.042520  1.000000
------------------
0:  annret:40.818,  sharpe:2.413
1:  annret:46.440,  sharpe:2.343
2:  annret:49.564,  sharpe:2.394
3:  annret:59.121,  sharpe:3.160
          0         1         2         3
0  1.000000  0.441551  0.449102  0.348247
1  0.441551  1.000000  0.513699  0.494745
2  0.449102  0.513699  1.000000  0.511273
3  0.348247  0.494745  0.511273  1.000000
Timestep 26000, Reward: 563.7391070473094, TD Loss: 18.740830163427297
test
0:  annret:-13.760,  sharpe:-1.015
1:  annret:-1.835,  sharpe:-0.168
2:  annret:-6.445,  sharpe:-0.695
3:  annret:12.923,  sharpe:1.176
          0         1         2         3
0  1.000000 -0.077246  0.125973 -0.235868
1 -0.077246  1.000000 -0.116713  0.110223
2  0.125973 -0.116713  1.000000  0.063305
3 -0.235868  0.110223  0.063305  1.000000
------------------
Timestep 27000, Reward: 563.7391070473094, TD Loss: 32.99661785684413
test
0:  annret:-0.394,  sharpe:-0.034
1:  annret:-0.798,  sharpe:-0.064
2:  annret:2.048,  sharpe:0.173
3:  annret:13.408,  sharpe:1.228
          0         1         2         3
0  1.000000  0.478067  0.113678  0.001905
1  0.478067  1.000000  0.169688 -0.104981
2  0.113678  0.169688  1.000000 -0.176831
3  0.001905 -0.104981 -0.176831  1.000000
------------------
0:  annret:34.672,  sharpe:1.967
1:  annret:40.072,  sharpe:1.992
2:  annret:41.981,  sharpe:2.139
3:  annret:69.548,  sharpe:3.477
          0         1         2         3
0  1.000000  0.538567  0.394516  0.331340
1  0.538567  1.000000  0.428041  0.459829
2  0.394516  0.428041  1.000000  0.471410
3  0.331340  0.459829  0.471410  1.000000
Timestep 28000, Reward: 555.7048483283621, TD Loss: 20.45054246711192
test
0:  annret:-13.263,  sharpe:-1.180
1:  annret:-11.223,  sharpe:-0.642
2:  annret:-7.233,  sharpe:-0.508
3:  annret:17.965,  sharpe:1.458
          0         1         2         3
0  1.000000  0.370429  0.439152  0.088126
1  0.370429  1.000000  0.751324  0.448741
2  0.439152  0.751324  1.000000  0.500171
3  0.088126  0.448741  0.500171  1.000000
------------------
Timestep 29000, Reward: 555.7048483283621, TD Loss: 40.84247943254549
test
0:  annret:2.463,  sharpe:0.185
1:  annret:11.190,  sharpe:0.618
2:  annret:3.302,  sharpe:0.210
3:  annret:11.438,  sharpe:0.856
          0         1         2         3
0  1.000000  0.713796  0.600984  0.629557
1  0.713796  1.000000  0.614827  0.644129
2  0.600984  0.614827  1.000000  0.591902
3  0.629557  0.644129  0.591902  1.000000
------------------
0:  annret:40.686,  sharpe:2.341
1:  annret:47.390,  sharpe:2.259
2:  annret:41.589,  sharpe:2.238
3:  annret:69.595,  sharpe:3.548
          0         1         2         3
0  1.000000  0.528646  0.336668  0.400959
1  0.528646  1.000000  0.463118  0.415840
2  0.336668  0.463118  1.000000  0.399307
3  0.400959  0.415840  0.399307  1.000000
Timestep 30000, Reward: 570.2861463308041, TD Loss: 23.642020661953474
test
0:  annret:7.128,  sharpe:0.516
1:  annret:-0.547,  sharpe:-0.046
2:  annret:-5.722,  sharpe:-0.535
3:  annret:10.187,  sharpe:0.823
          0         1         2         3
0  1.000000  0.438083 -0.379147  0.603421
1  0.438083  1.000000 -0.310558  0.407630
2 -0.379147 -0.310558  1.000000 -0.171819
3  0.603421  0.407630 -0.171819  1.000000
------------------
Timestep 31000, Reward: 570.2861463308041, TD Loss: 108.9008988868503
test
0:  annret:17.111,  sharpe:0.723
1:  annret:15.343,  sharpe:0.643
2:  annret:14.205,  sharpe:0.593
3:  annret:15.849,  sharpe:0.721
          0         1         2         3
0  1.000000  0.979290  0.972815  0.953226
1  0.979290  1.000000  0.977160  0.963435
2  0.972815  0.977160  1.000000  0.949211
3  0.953226  0.963435  0.949211  1.000000
------------------
0:  annret:43.172,  sharpe:2.429
1:  annret:46.009,  sharpe:2.317
2:  annret:42.422,  sharpe:2.209
3:  annret:65.565,  sharpe:3.439
          0         1         2         3
0  1.000000  0.506914  0.400271  0.360169
1  0.506914  1.000000  0.359132  0.386028
2  0.400271  0.359132  1.000000  0.409593
3  0.360169  0.386028  0.409593  1.000000
Timestep 32000, Reward: 557.9870992221771, TD Loss: 27.962742802111123
test
0:  annret:-9.674,  sharpe:-0.815
1:  annret:-3.683,  sharpe:-0.260
2:  annret:4.894,  sharpe:0.379
3:  annret:5.693,  sharpe:0.551
          0         1         2         3
0  1.000000  0.258817 -0.206666  0.193251
1  0.258817  1.000000 -0.463379  0.195488
2 -0.206666 -0.463379  1.000000 -0.058769
3  0.193251  0.195488 -0.058769  1.000000
------------------
Timestep 33000, Reward: 557.9870992221771, TD Loss: 43.78693266448033
test
0:  annret:2.766,  sharpe:0.210
1:  annret:1.532,  sharpe:0.124
2:  annret:-1.065,  sharpe:-0.112
3:  annret:10.266,  sharpe:0.921
          0         1         2         3
0  1.000000  0.742496 -0.070689  0.167797
1  0.742496  1.000000 -0.111553  0.290066
2 -0.070689 -0.111553  1.000000 -0.082059
3  0.167797  0.290066 -0.082059  1.000000
------------------
0:  annret:35.700,  sharpe:1.949
1:  annret:48.995,  sharpe:2.399
2:  annret:32.135,  sharpe:1.734
3:  annret:63.099,  sharpe:3.147
          0         1         2         3
0  1.000000  0.476300  0.267644  0.481059
1  0.476300  1.000000  0.259491  0.471697
2  0.267644  0.259491  1.000000  0.304796
3  0.481059  0.471697  0.304796  1.000000
Timestep 34000, Reward: 516.6885890657267, TD Loss: 32.76519810563805
test
0:  annret:-16.343,  sharpe:-1.174
1:  annret:-15.114,  sharpe:-0.858
2:  annret:1.488,  sharpe:0.132
3:  annret:-2.816,  sharpe:-0.168
          0         1         2         3
0  1.000000  0.579403 -0.063664  0.584424
1  0.579403  1.000000 -0.213720  0.777529
2 -0.063664 -0.213720  1.000000 -0.036677
3  0.584424  0.777529 -0.036677  1.000000
------------------
Timestep 35000, Reward: 516.6885890657267, TD Loss: 14.401957059030785
test
0:  annret:-0.033,  sharpe:-0.003
1:  annret:8.099,  sharpe:0.432
2:  annret:3.573,  sharpe:0.315
3:  annret:-0.898,  sharpe:-0.073
          0         1         2         3
0  1.000000  0.514941  0.423242  0.002209
1  0.514941  1.000000  0.548521 -0.395632
2  0.423242  0.548521  1.000000 -0.106663
3  0.002209 -0.395632 -0.106663  1.000000
------------------
Timestep 36000, Reward: 516.6885890657267, TD Loss: 30.385251108268662
test
0:  annret:-7.057,  sharpe:-0.599
1:  annret:-9.650,  sharpe:-0.501
2:  annret:1.209,  sharpe:0.081
3:  annret:-1.642,  sharpe:-0.088
          0         1         2         3
0  1.000000  0.295843  0.116307  0.325865
1  0.295843  1.000000  0.737665  0.835099
2  0.116307  0.737665  1.000000  0.714261
3  0.325865  0.835099  0.714261  1.000000
------------------
0:  annret:38.636,  sharpe:2.126
1:  annret:49.621,  sharpe:2.383
2:  annret:26.777,  sharpe:1.430
3:  annret:70.728,  sharpe:3.492
          0         1         2         3
0  1.000000  0.546794  0.293367  0.401570
1  0.546794  1.000000  0.420769  0.454531
2  0.293367  0.420769  1.000000  0.352240
3  0.401570  0.454531  0.352240  1.000000
Timestep 37000, Reward: 528.403584994597, TD Loss: 22.4873685211478
test
0:  annret:2.933,  sharpe:0.248
1:  annret:9.011,  sharpe:0.692
2:  annret:14.809,  sharpe:1.016
3:  annret:11.219,  sharpe:0.841
          0         1         2         3
0  1.000000  0.513402  0.589920  0.519037
1  0.513402  1.000000  0.774167  0.750824
2  0.589920  0.774167  1.000000  0.743056
3  0.519037  0.750824  0.743056  1.000000
------------------
Timestep 38000, Reward: 528.403584994597, TD Loss: 12.014656104894906
test
0:  annret:-13.072,  sharpe:-1.037
1:  annret:-7.171,  sharpe:-0.434
2:  annret:-1.070,  sharpe:-0.091
3:  annret:4.606,  sharpe:0.331
          0         1         2         3
0  1.000000  0.489243  0.368077  0.438083
1  0.489243  1.000000  0.371880  0.657666
2  0.368077  0.371880  1.000000  0.347915
3  0.438083  0.657666  0.347915  1.000000
------------------
0:  annret:40.636,  sharpe:2.206
1:  annret:48.673,  sharpe:2.449
2:  annret:26.482,  sharpe:1.400
3:  annret:72.312,  sharpe:3.768
          0         1         2         3
0  1.000000  0.491002  0.332401  0.396107
1  0.491002  1.000000  0.399837  0.455651
2  0.332401  0.399837  1.000000  0.330436
3  0.396107  0.455651  0.330436  1.000000
Timestep 39000, Reward: 523.3326609029747, TD Loss: 23.49835514716934
test
0:  annret:-7.365,  sharpe:-0.748
1:  annret:7.003,  sharpe:0.692
2:  annret:7.091,  sharpe:0.548
3:  annret:9.490,  sharpe:0.959
          0         1         2         3
0  1.000000 -0.236363 -0.133828 -0.135813
1 -0.236363  1.000000  0.397347  0.292827
2 -0.133828  0.397347  1.000000  0.360344
3 -0.135813  0.292827  0.360344  1.000000
------------------
Timestep 40000, Reward: 523.3326609029747, TD Loss: 20.304016020119313
test
0:  annret:-11.727,  sharpe:-1.062
1:  annret:-3.021,  sharpe:-0.242
2:  annret:-14.045,  sharpe:-0.876
3:  annret:17.015,  sharpe:1.437
          0         1         2         3
0  1.000000  0.136634  0.357567 -0.105897
1  0.136634  1.000000  0.763654  0.336364
2  0.357567  0.763654  1.000000  0.237461
3 -0.105897  0.336364  0.237461  1.000000
------------------
0:  annret:41.441,  sharpe:2.169
1:  annret:46.219,  sharpe:2.311
2:  annret:26.067,  sharpe:1.275
3:  annret:75.477,  sharpe:3.876
          0         1         2         3
0  1.000000  0.507800  0.256367  0.348897
1  0.507800  1.000000  0.472320  0.420612
2  0.256367  0.472320  1.000000  0.404611
3  0.348897  0.420612  0.404611  1.000000
Timestep 41000, Reward: 544.2791548605935, TD Loss: 16.93968276074438
test
0:  annret:-10.856,  sharpe:-0.907
1:  annret:-1.972,  sharpe:-0.203
2:  annret:-11.528,  sharpe:-0.819
3:  annret:10.166,  sharpe:0.915
          0         1         2         3
0  1.000000 -0.071267  0.463513 -0.182212
1 -0.071267  1.000000  0.244089  0.089274
2  0.463513  0.244089  1.000000 -0.118263
3 -0.182212  0.089274 -0.118263  1.000000
------------------
Timestep 42000, Reward: 544.2791548605935, TD Loss: 15.297614139229673
test
0:  annret:-10.630,  sharpe:-0.943
1:  annret:-5.128,  sharpe:-0.458
2:  annret:1.093,  sharpe:0.101
3:  annret:12.253,  sharpe:1.163
          0         1         2         3
0  1.000000 -0.047974  0.119871 -0.010735
1 -0.047974  1.000000  0.155840 -0.007626
2  0.119871  0.155840  1.000000  0.068318
3 -0.010735 -0.007626  0.068318  1.000000
------------------
0:  annret:44.907,  sharpe:2.365
1:  annret:48.662,  sharpe:2.345
2:  annret:28.846,  sharpe:1.472
3:  annret:80.391,  sharpe:3.913
          0         1         2         3
0  1.000000  0.433119  0.429740  0.534309
1  0.433119  1.000000  0.359568  0.458299
2  0.429740  0.359568  1.000000  0.414195
3  0.534309  0.458299  0.414195  1.000000
Timestep 43000, Reward: 581.9442632542201, TD Loss: 25.374481209224367
test
0:  annret:-11.106,  sharpe:-1.028
1:  annret:-4.783,  sharpe:-0.524
2:  annret:8.711,  sharpe:0.732
3:  annret:7.775,  sharpe:0.707
          0         1         2         3
0  1.000000 -0.064359 -0.357882 -0.253702
1 -0.064359  1.000000  0.123899  0.226517
2 -0.357882  0.123899  1.000000  0.488742
3 -0.253702  0.226517  0.488742  1.000000
------------------
Timestep 44000, Reward: 581.9442632542201, TD Loss: 19.821549180432424
test
0:  annret:-7.866,  sharpe:-0.822
1:  annret:-11.994,  sharpe:-1.177
2:  annret:-3.795,  sharpe:-0.397
3:  annret:11.252,  sharpe:1.012
          0         1         2         3
0  1.000000  0.197404  0.069967  0.132610
1  0.197404  1.000000  0.110246 -0.085832
2  0.069967  0.110246  1.000000  0.306261
3  0.132610 -0.085832  0.306261  1.000000
------------------
